    0.1000000071E-01   -0.9628134406E+01   -0.3577867169E-17    0.0000000000E+00    0.2602085214E-17   -0.9628134406E+01    0.0000000000E+00    0.0000000000E+00    0.0000000000E+00    0.0000000000E+00
    0.1204503421E-01   -0.9628134406E+01   -0.3577867169E-17    0.0000000000E+00    0.2602085214E-17   -0.9628134406E+01    0.0000000000E+00    0.0000000000E+00    0.0000000000E+00    0.0000000000E+00
    0.1450828929E-01   -0.9628134406E+01   -0.3577867169E-17    0.0000000000E+00    0.2602085214E-17   -0.9628134406E+01    0.0000000000E+00    0.0000000000E+00    0.0000000000E+00    0.0000000000E+00
    0.1747528464E-01   -0.9628134406E+01   -0.3577867169E-17    0.0000000000E+00    0.2602085214E-17   -0.9628134406E+01    0.0000000000E+00    0.0000000000E+00    0.0000000000E+00    0.0000000000E+00
    0.2104904130E-01   -0.9628134406E+01   -0.3577867169E-17    0.0000000000E+00    0.2602085214E-17   -0.9628134406E+01    0.0000000000E+00    0.0000000000E+00    0.0000000000E+00    0.0000000000E+00
    0.2535364218E-01   -0.9628134406E+01   -0.3577867169E-17    0.0000000000E+00    0.2602085214E-17   -0.9628134406E+01    0.0000000000E+00    0.0000000000E+00    0.0000000000E+00    0.0000000000E+00
    0.3053855710E-01   -0.9628134406E+01   -0.3577867169E-17    0.0000000000E+00    0.2602085214E-17   -0.9628134406E+01    0.0000000000E+00    0.0000000000E+00    0.0000000000E+00    0.0000000000E+00
    0.3678379580E-01   -0.9628134406E+01   -0.3577867169E-17    0.0000000000E+00    0.2602085214E-17   -0.9628134406E+01    0.0000000000E+00    0.0000000000E+00    0.0000000000E+00    0.0000000000E+00
    0.4430620745E-01   -0.9628134406E+01   -0.3577867169E-17    0.0000000000E+00    0.2602085214E-17   -0.9628134406E+01    0.0000000000E+00    0.0000000000E+00    0.0000000000E+00    0.0000000000E+00
    0.5336699635E-01   -0.9628132779E+01   -0.3722427459E-17    0.0000000000E+00    0.2529805069E-17   -0.9628132779E+01    0.0000000000E+00    0.0000000000E+00    0.0000000000E+00    0.0000000000E+00
    0.6428073347E-01   -0.9628132779E+01   -0.3722427459E-17    0.0000000000E+00    0.2529805069E-17   -0.9628132779E+01    0.0000000000E+00    0.0000000000E+00    0.0000000000E+00    0.0000000000E+00
    0.7742635906E-01   -0.9628132779E+01   -0.3722427459E-17    0.0000000000E+00    0.2529805069E-17   -0.9628132779E+01    0.0000000000E+00    0.0000000000E+00    0.0000000000E+00    0.0000000000E+00
    0.9326034039E-01   -0.9628132779E+01   -0.3722427459E-17    0.0000000000E+00    0.2529805069E-17   -0.9628132779E+01    0.0000000000E+00    0.0000000000E+00    0.0000000000E+00    0.0000000000E+00
    0.1123324037E+00   -0.9628132779E+01   -0.3722427459E-17    0.0000000000E+00    0.2529805069E-17   -0.9628132779E+01    0.0000000000E+00    0.0000000000E+00    0.0000000000E+00    0.0000000000E+00
    0.1353047639E+00   -0.9628132779E+01   -0.3722427459E-17    0.0000000000E+00    0.2529805069E-17   -0.9628132779E+01    0.0000000000E+00    0.0000000000E+00    0.0000000000E+00    0.0000000000E+00
    0.1629751027E+00   -0.9628128049E+01   -0.3433306880E-17    0.0000000000E+00    0.2457524924E-17   -0.9628128049E+01    0.0000000000E+00    0.0000000000E+00    0.0000000000E+00    0.0000000000E+00
    0.1963040680E+00   -0.9628128049E+01   -0.3433306880E-17    0.0000000000E+00    0.2457524924E-17   -0.9628128049E+01    0.0000000000E+00    0.0000000000E+00    0.0000000000E+00    0.0000000000E+00
    0.2364489287E+00   -0.9628128049E+01   -0.3433306880E-17    0.0000000000E+00    0.2457524924E-17   -0.9628128049E+01    0.0000000000E+00    0.0000000000E+00    0.0000000000E+00    0.0000000000E+00
    0.2848035991E+00   -0.9628128049E+01   -0.3433306880E-17    0.0000000000E+00    0.2457524924E-17   -0.9628128049E+01    0.0000000000E+00    0.0000000000E+00    0.0000000000E+00    0.0000000000E+00
    0.3430469334E+00   -0.9628128049E+01   -0.3433306880E-17    0.0000000000E+00    0.2457524924E-17   -0.9628128049E+01    0.0000000000E+00    0.0000000000E+00    0.0000000000E+00    0.0000000000E+00
    0.4132012129E+00   -0.9628128049E+01   -0.3433306880E-17    0.0000000000E+00    0.2457524924E-17   -0.9628128049E+01    0.0000000000E+00    0.0000000000E+00    0.0000000000E+00    0.0000000000E+00
    0.4977024198E+00   -0.9628128049E+01   -0.3433306880E-17    0.0000000000E+00    0.2457524924E-17   -0.9628128049E+01    0.0000000000E+00    0.0000000000E+00    0.0000000000E+00    0.0000000000E+00
    0.5994842649E+00   -0.9628108189E+01   -0.3433306880E-17    0.0000000000E+00    0.2511735033E-17   -0.9628108189E+01    0.0000000000E+00    0.0000000000E+00    0.0000000000E+00    0.0000000000E+00
    0.7220808864E+00   -0.9628085222E+01   -0.3650147314E-17    0.0000000000E+00    0.2543357596E-17   -0.9628085222E+01    0.0000000000E+00    0.0000000000E+00    0.0000000000E+00    0.0000000000E+00
    0.8697491884E+00   -0.9628085222E+01   -0.3650147314E-17    0.0000000000E+00    0.2543357596E-17   -0.9628085222E+01    0.0000000000E+00    0.0000000000E+00    0.0000000000E+00    0.0000000000E+00
    0.1047615528E+01   -0.9627727393E+01   -0.3650147314E-17    0.0000000000E+00    0.2543357596E-17   -0.9627727393E+01    0.0000000000E+00    0.0000000000E+00    0.0000000000E+00    0.0000000000E+00
    0.1261856914E+01   -0.9627342592E+01   -0.3650147314E-17    0.0000000000E+00    0.2543357596E-17   -0.9627342592E+01    0.0000000000E+00    0.0000000000E+00    0.0000000000E+00    0.0000000000E+00
    0.1519911289E+01   -0.9627163561E+01   -0.4119968255E-17    0.0000000000E+00    0.3699839914E-17   -0.9627163561E+01    0.0000000000E+00    0.0000000000E+00    0.0000000000E+00    0.0000000000E+00
    0.1830737948E+01   -0.9626552629E+01   -0.2963485938E-17    0.0000000000E+00   -0.5872761768E-19   -0.9626552629E+01    0.0000000000E+00    0.0000000000E+00    0.0000000000E+00    0.0000000000E+00
    0.2205130816E+01   -0.9626474398E+01   -0.3541727097E-17    0.0000000000E+00    0.1965116438E-17   -0.9626474398E+01    0.0000000000E+00    0.0000000000E+00    0.0000000000E+00    0.0000000000E+00
    0.2656088352E+01   -0.9626419193E+01   -0.2963485938E-17    0.0000000000E+00   -0.6369687763E-18   -0.9626419193E+01    0.0000000000E+00    0.0000000000E+00    0.0000000000E+00    0.0000000000E+00
    0.3199266672E+01   -0.9626419193E+01   -0.2963485938E-17    0.0000000000E+00   -0.6369687763E-18   -0.9626419193E+01    0.0000000000E+00    0.0000000000E+00    0.0000000000E+00    0.0000000000E+00
    0.3853528738E+01   -0.9623768207E+01   -0.5782411587E-18    0.0000000000E+00    0.5059610138E-18   -0.9623768207E+01    0.0000000000E+00    0.0000000000E+00    0.0000000000E+00    0.0000000000E+00
    0.4641589642E+01   -0.9621275907E+01    0.2891205793E-18    0.0000000000E+00   -0.3614007242E-18   -0.9621275907E+01    0.0000000000E+00    0.0000000000E+00    0.0000000000E+00    0.0000000000E+00
    0.5590809345E+01   -0.9621275907E+01    0.2891205793E-18    0.0000000000E+00   -0.3614007242E-18   -0.9621275907E+01    0.0000000000E+00    0.0000000000E+00    0.0000000000E+00    0.0000000000E+00
    0.6734150887E+01   -0.9620496472E+01    0.2891205793E-18    0.0000000000E+00   -0.1011922028E-17   -0.9620496472E+01    0.0000000000E+00    0.0000000000E+00    0.0000000000E+00    0.0000000000E+00
    0.8111310005E+01   -0.9619857726E+01    0.1445602897E-18    0.0000000000E+00   -0.1084202172E-17   -0.9619857726E+01    0.0000000000E+00    0.0000000000E+00    0.0000000000E+00    0.0000000000E+00
    0.9770097733E+01   -0.9618980734E+01    0.0000000000E+00    0.0000000000E+00   -0.2529805069E-17   -0.9618980734E+01    0.0000000000E+00    0.0000000000E+00    0.0000000000E+00    0.0000000000E+00
    0.1176811981E+02   -0.9614852658E+01   -0.7950815932E-18    0.0000000000E+00   -0.1590163186E-17   -0.9614852658E+01    0.0000000000E+00    0.0000000000E+00    0.0000000000E+00    0.0000000000E+00
    0.1417474556E+02   -0.9596942873E+01    0.1951563910E-17    0.0000000000E+00   -0.1925929944E-33   -0.9596942873E+01    0.0000000000E+00    0.0000000000E+00    0.0000000000E+00    0.0000000000E+00
    0.1707352448E+02   -0.9585906092E+01    0.5312590645E-17    0.0000000000E+00   -0.8673617380E-18   -0.9585906092E+01    0.0000000000E+00    0.0000000000E+00    0.0000000000E+00    0.0000000000E+00
    0.2056512451E+02   -0.9546900994E+01   -0.2204544417E-17    0.0000000000E+00   -0.4625929269E-17   -0.9546900994E+01    0.0000000000E+00    0.0000000000E+00    0.0000000000E+00    0.0000000000E+00
    0.2477076912E+02   -0.9477107940E+01   -0.1145640296E-16    0.0000000000E+00   -0.2775557562E-16   -0.9477107940E+01    0.0000000000E+00    0.0000000000E+00    0.0000000000E+00    0.0000000000E+00
    0.2983646965E+02   -0.9433035670E+01   -0.4734349487E-17    0.0000000000E+00   -0.3758567531E-16   -0.9433035670E+01    0.0000000000E+00    0.0000000000E+00    0.0000000000E+00    0.0000000000E+00
    0.3593814087E+02   -0.9381886439E+01   -0.4665683349E-16    0.0000000000E+00    0.1994931997E-16   -0.9381886439E+01    0.0000000000E+00    0.0000000000E+00    0.0000000000E+00    0.0000000000E+00
    0.4328762436E+02   -0.9262600564E+01   -0.5504133029E-16    0.0000000000E+00    0.3035766083E-16   -0.9262600564E+01    0.0000000000E+00    0.0000000000E+00    0.0000000000E+00    0.0000000000E+00
    0.5214007950E+02   -0.9167721872E+01   -0.6320898666E-16    0.0000000000E+00    0.1691355389E-16   -0.9167721872E+01    0.0000000000E+00    0.0000000000E+00    0.0000000000E+00    0.0000000000E+00
    0.6280292130E+02   -0.9050145250E+01   -0.7701449432E-16    0.0000000000E+00    0.1662443331E-16   -0.9050145250E+01    0.0000000000E+00    0.0000000000E+00    0.0000000000E+00    0.0000000000E+00
    0.7564634705E+02   -0.8629634771E+01   -0.2963485938E-17    0.0000000000E+00   -0.2630997272E-16   -0.8629634771E+01    0.0000000000E+00    0.0000000000E+00    0.0000000000E+00    0.0000000000E+00
    0.9111626434E+02   -0.8224636578E+01    0.8290532612E-16    0.0000000000E+00    0.5916129855E-16   -0.8224636578E+01    0.0000000000E+00    0.0000000000E+00    0.0000000000E+00    0.0000000000E+00
    0.1097498322E+03   -0.7462259554E+01    0.2768329547E-16    0.0000000000E+00    0.6494371013E-16   -0.7462259554E+01    0.0000000000E+00    0.0000000000E+00    0.0000000000E+00    0.0000000000E+00
    0.1321940765E+03   -0.6938914045E+01    0.5319818660E-16    0.0000000000E+00    0.1246471098E-15   -0.6938914045E+01    0.0000000000E+00    0.0000000000E+00    0.0000000000E+00    0.0000000000E+00
    0.1592282715E+03   -0.6423554282E+01    0.5334274689E-16    0.0000000000E+00    0.1233099271E-15   -0.6423554282E+01    0.0000000000E+00    0.0000000000E+00    0.0000000000E+00    0.0000000000E+00
    0.1917910461E+03   -0.4106294374E+01    0.2529805069E-16    0.0000000000E+00   -0.8774809583E-16   -0.4106294374E+01    0.0000000000E+00    0.0000000000E+00    0.0000000000E+00    0.0000000000E+00
    0.2310130463E+03   -0.1027836143E+01   -0.3628463271E-16    0.0000000000E+00    0.2847837706E-16   -0.1027836143E+01    0.0000000000E+00    0.0000000000E+00    0.0000000000E+00    0.0000000000E+00
    0.2782560730E+03    0.2059226199E+01   -0.1233099271E-15    0.0000000000E+00    0.2428612866E-16    0.2059226199E+01    0.0000000000E+00    0.0000000000E+00    0.0000000000E+00    0.0000000000E+00
    0.3351601257E+03    0.6899745185E+01   -0.1503427013E-16    0.0000000000E+00    0.3469446952E-17    0.6899745185E+01    0.0000000000E+00    0.0000000000E+00    0.0000000000E+00    0.0000000000E+00
    0.4037016296E+03    0.1115235667E+02    0.4625929269E-17    0.0000000000E+00    0.2168404345E-16    0.1115235667E+02    0.0000000000E+00    0.0000000000E+00    0.0000000000E+00    0.0000000000E+00
    0.4862601624E+03    0.1753066109E+02   -0.1257674520E-16    0.0000000000E+00   -0.6071532166E-17    0.1753066109E+02    0.0000000000E+00    0.0000000000E+00    0.0000000000E+00    0.0000000000E+00
    0.5857021484E+03    0.2485823974E+02   -0.2081668171E-16    0.0000000000E+00    0.3180326373E-17    0.2485823974E+02    0.0000000000E+00    0.0000000000E+00    0.0000000000E+00    0.0000000000E+00
    0.7054804688E+03    0.4304361476E+02    0.1474514955E-15    0.0000000000E+00    0.8876001785E-16    0.4304361476E+02    0.0000000000E+00    0.0000000000E+00    0.0000000000E+00    0.0000000000E+00
    0.8497539062E+03    0.6031691657E+02    0.8673617380E-17    0.0000000000E+00    0.8673617380E-18    0.6031691657E+02    0.0000000000E+00    0.0000000000E+00    0.0000000000E+00    0.0000000000E+00
    0.1023530640E+04    0.8334775937E+02    0.1098658201E-16    0.0000000000E+00    0.2399700808E-16    0.8334775937E+02    0.0000000000E+00    0.0000000000E+00    0.0000000000E+00    0.0000000000E+00
    0.1232846436E+04    0.1323366382E+03   -0.1208524022E-15    0.0000000000E+00    0.1720267447E-15    0.1323366382E+03    0.0000000000E+00    0.0000000000E+00    0.0000000000E+00    0.0000000000E+00
    0.1484968262E+04    0.1848418927E+03   -0.2411265632E-15    0.0000000000E+00    0.9338594712E-16    0.1848418927E+03    0.0000000000E+00    0.0000000000E+00    0.0000000000E+00    0.0000000000E+00
    0.1788649902E+04    0.2875857985E+03    0.1243218491E-15    0.0000000000E+00    0.9338594712E-16    0.2875857985E+03    0.0000000000E+00    0.0000000000E+00    0.0000000000E+00    0.0000000000E+00
    0.2154435547E+04    0.3524697521E+03    0.5493291007E-16    0.0000000000E+00   -0.4062144140E-15    0.3524697521E+03    0.0000000000E+00    0.0000000000E+00    0.0000000000E+00    0.0000000000E+00
    0.2595022949E+04    0.3839080406E+03   -0.9309682654E-16    0.0000000000E+00    0.2599194008E-15    0.3839080406E+03    0.0000000000E+00    0.0000000000E+00    0.0000000000E+00    0.0000000000E+00
    0.3125714844E+04    0.4647299304E+03   -0.1908195824E-16    0.0000000000E+00   -0.3321995456E-15    0.4647299304E+03    0.0000000000E+00    0.0000000000E+00    0.0000000000E+00    0.0000000000E+00
    0.3764935303E+04    0.5154475647E+03   -0.3706525827E-15    0.0000000000E+00   -0.2211772432E-15    0.5154475647E+03    0.0000000000E+00    0.0000000000E+00    0.0000000000E+00    0.0000000000E+00
    0.4534878906E+04    0.5231765043E+03   -0.7459310947E-16    0.0000000000E+00    0.2229119667E-15    0.5231765043E+03    0.0000000000E+00    0.0000000000E+00    0.0000000000E+00    0.0000000000E+00
    0.5462278809E+04    0.5231765043E+03   -0.7459310947E-16    0.0000000000E+00    0.2229119667E-15    0.5231765043E+03    0.0000000000E+00    0.0000000000E+00    0.0000000000E+00    0.0000000000E+00
    0.6579334961E+04    0.5231765043E+03   -0.7459310947E-16    0.0000000000E+00    0.2229119667E-15    0.5231765043E+03    0.0000000000E+00    0.0000000000E+00    0.0000000000E+00    0.0000000000E+00
    0.7924825195E+04    0.5231765043E+03   -0.7459310947E-16    0.0000000000E+00    0.2229119667E-15    0.5231765043E+03    0.0000000000E+00    0.0000000000E+00    0.0000000000E+00    0.0000000000E+00
    0.9545481445E+04    0.5231765043E+03   -0.7459310947E-16    0.0000000000E+00    0.2229119667E-15    0.5231765043E+03    0.0000000000E+00    0.0000000000E+00    0.0000000000E+00    0.0000000000E+00
    0.1149756836E+05    0.5231765043E+03   -0.7459310947E-16    0.0000000000E+00    0.2229119667E-15    0.5231765043E+03    0.0000000000E+00    0.0000000000E+00    0.0000000000E+00    0.0000000000E+00
    0.1384886426E+05    0.5231765043E+03   -0.7459310947E-16    0.0000000000E+00    0.2229119667E-15    0.5231765043E+03    0.0000000000E+00    0.0000000000E+00    0.0000000000E+00    0.0000000000E+00
    0.1668100977E+05    0.5231765043E+03   -0.7459310947E-16    0.0000000000E+00    0.2229119667E-15    0.5231765043E+03    0.0000000000E+00    0.0000000000E+00    0.0000000000E+00    0.0000000000E+00
    0.2009233789E+05    0.5231765043E+03   -0.7459310947E-16    0.0000000000E+00    0.2229119667E-15    0.5231765043E+03    0.0000000000E+00    0.0000000000E+00    0.0000000000E+00    0.0000000000E+00
    0.2420127148E+05    0.5231765043E+03   -0.7459310947E-16    0.0000000000E+00    0.2229119667E-15    0.5231765043E+03    0.0000000000E+00    0.0000000000E+00    0.0000000000E+00    0.0000000000E+00
    0.2915052344E+05    0.5231765043E+03   -0.7459310947E-16    0.0000000000E+00    0.2229119667E-15    0.5231765043E+03    0.0000000000E+00    0.0000000000E+00    0.0000000000E+00    0.0000000000E+00
    0.3511191406E+05    0.5231765043E+03   -0.7459310947E-16    0.0000000000E+00    0.2229119667E-15    0.5231765043E+03    0.0000000000E+00    0.0000000000E+00    0.0000000000E+00    0.0000000000E+00
    0.4229243359E+05    0.5231765043E+03   -0.7459310947E-16    0.0000000000E+00    0.2229119667E-15    0.5231765043E+03    0.0000000000E+00    0.0000000000E+00    0.0000000000E+00    0.0000000000E+00
    0.5094139453E+05    0.5231765043E+03   -0.7459310947E-16    0.0000000000E+00    0.2229119667E-15    0.5231765043E+03    0.0000000000E+00    0.0000000000E+00    0.0000000000E+00    0.0000000000E+00
    0.6135910156E+05    0.5231765043E+03   -0.7459310947E-16    0.0000000000E+00    0.2229119667E-15    0.5231765043E+03    0.0000000000E+00    0.0000000000E+00    0.0000000000E+00    0.0000000000E+00
    0.7390718750E+05    0.5231765043E+03   -0.7459310947E-16    0.0000000000E+00    0.2229119667E-15    0.5231765043E+03    0.0000000000E+00    0.0000000000E+00    0.0000000000E+00    0.0000000000E+00
    0.8902148438E+05    0.5231765043E+03   -0.7459310947E-16    0.0000000000E+00    0.2229119667E-15    0.5231765043E+03    0.0000000000E+00    0.0000000000E+00    0.0000000000E+00    0.0000000000E+00
    0.1072267188E+06    0.5231765043E+03   -0.7459310947E-16    0.0000000000E+00    0.2229119667E-15    0.5231765043E+03    0.0000000000E+00    0.0000000000E+00    0.0000000000E+00    0.0000000000E+00
    0.1291549844E+06    0.5231765043E+03   -0.7459310947E-16    0.0000000000E+00    0.2229119667E-15    0.5231765043E+03    0.0000000000E+00    0.0000000000E+00    0.0000000000E+00    0.0000000000E+00
    0.1555676562E+06    0.5231765043E+03   -0.7459310947E-16    0.0000000000E+00    0.2229119667E-15    0.5231765043E+03    0.0000000000E+00    0.0000000000E+00    0.0000000000E+00    0.0000000000E+00
    0.1873818281E+06    0.5231765043E+03   -0.7459310947E-16    0.0000000000E+00    0.2229119667E-15    0.5231765043E+03    0.0000000000E+00    0.0000000000E+00    0.0000000000E+00    0.0000000000E+00
    0.2257018906E+06    0.5231765043E+03   -0.7459310947E-16    0.0000000000E+00    0.2229119667E-15    0.5231765043E+03    0.0000000000E+00    0.0000000000E+00    0.0000000000E+00    0.0000000000E+00
    0.2718587812E+06    0.5231765043E+03   -0.7459310947E-16    0.0000000000E+00    0.2229119667E-15    0.5231765043E+03    0.0000000000E+00    0.0000000000E+00    0.0000000000E+00    0.0000000000E+00
    0.3274549375E+06    0.5231765043E+03   -0.7459310947E-16    0.0000000000E+00    0.2229119667E-15    0.5231765043E+03    0.0000000000E+00    0.0000000000E+00    0.0000000000E+00    0.0000000000E+00
    0.3944206875E+06    0.5231765043E+03   -0.7459310947E-16    0.0000000000E+00    0.2229119667E-15    0.5231765043E+03    0.0000000000E+00    0.0000000000E+00    0.0000000000E+00    0.0000000000E+00
    0.4750811875E+06    0.5231765043E+03   -0.7459310947E-16    0.0000000000E+00    0.2229119667E-15    0.5231765043E+03    0.0000000000E+00    0.0000000000E+00    0.0000000000E+00    0.0000000000E+00
    0.5722370625E+06    0.5231765043E+03   -0.7459310947E-16    0.0000000000E+00    0.2229119667E-15    0.5231765043E+03    0.0000000000E+00    0.0000000000E+00    0.0000000000E+00    0.0000000000E+00
    0.6892610000E+06    0.5231765043E+03   -0.7459310947E-16    0.0000000000E+00    0.2229119667E-15    0.5231765043E+03    0.0000000000E+00    0.0000000000E+00    0.0000000000E+00    0.0000000000E+00
    0.8302174375E+06    0.5231765043E+03   -0.7459310947E-16    0.0000000000E+00    0.2229119667E-15    0.5231765043E+03    0.0000000000E+00    0.0000000000E+00    0.0000000000E+00    0.0000000000E+00
    0.1000000000E+07    0.5231765043E+03   -0.7459310947E-16    0.0000000000E+00    0.2229119667E-15    0.5231765043E+03    0.0000000000E+00    0.0000000000E+00    0.0000000000E+00    0.0000000000E+00
