        0    0.2238434347E+03   -0.2757268709E-24    0.0000000000E+00   -0.6731613058E-28    0.2238434347E+03    0.0000000000E+00    0.0000000000E+00    0.0000000000E+00    0.0000000000E+00
        1    0.3895670627E+03   -0.3411622836E-16    0.0000000000E+00    0.2205267219E-15    0.3895670627E+03    0.0000000000E+00    0.0000000000E+00    0.0000000000E+00    0.0000000000E+00
        2    0.4716941254E+03    0.4067926551E-15    0.0000000000E+00    0.1486441178E-15    0.4716941254E+03    0.0000000000E+00    0.0000000000E+00    0.0000000000E+00    0.0000000000E+00
        3    0.5029851226E+03    0.7488223005E-16    0.0000000000E+00    0.3677613769E-15    0.5029851226E+03    0.0000000000E+00    0.0000000000E+00    0.0000000000E+00    0.0000000000E+00
        4    0.5150195426E+03   -0.3304648222E-15    0.0000000000E+00   -0.1486079778E-15    0.5150195426E+03    0.0000000000E+00    0.0000000000E+00    0.0000000000E+00    0.0000000000E+00
        5    0.5197723392E+03   -0.4255854928E-15    0.0000000000E+00    0.7293066614E-16    0.5197723392E+03    0.0000000000E+00    0.0000000000E+00    0.0000000000E+00    0.0000000000E+00
        6    0.5217126774E+03   -0.3874215763E-15    0.0000000000E+00    0.3365363543E-15    0.5217126774E+03    0.0000000000E+00    0.0000000000E+00    0.0000000000E+00    0.0000000000E+00
        7    0.5225295723E+03   -0.2223337255E-15    0.0000000000E+00    0.2582569575E-15    0.5225295723E+03    0.0000000000E+00    0.0000000000E+00    0.0000000000E+00    0.0000000000E+00
        8    0.5228841110E+03   -0.1107331819E-15    0.0000000000E+00   -0.4553649124E-17    0.5228841110E+03    0.0000000000E+00    0.0000000000E+00    0.0000000000E+00    0.0000000000E+00
        9    0.5230424369E+03   -0.5921189465E-15    0.0000000000E+00    0.2966377144E-15    0.5230424369E+03    0.0000000000E+00    0.0000000000E+00    0.0000000000E+00    0.0000000000E+00
       10    0.5231149379E+03   -0.5172367164E-15    0.0000000000E+00    0.5059610138E-18    0.5231149379E+03    0.0000000000E+00    0.0000000000E+00    0.0000000000E+00    0.0000000000E+00
       11    0.5231488421E+03    0.2995289202E-15    0.0000000000E+00    0.3131898676E-15    0.5231488421E+03    0.0000000000E+00    0.0000000000E+00    0.0000000000E+00    0.0000000000E+00
       12    0.5231649643E+03   -0.5724587471E-16    0.0000000000E+00    0.5351621923E-15    0.5231649643E+03    0.0000000000E+00    0.0000000000E+00    0.0000000000E+00    0.0000000000E+00
       13    0.5231727292E+03    0.2417048043E-15    0.0000000000E+00    0.7216449660E-15    0.5231727292E+03    0.0000000000E+00    0.0000000000E+00    0.0000000000E+00    0.0000000000E+00
       14    0.5231765043E+03   -0.7459310947E-16    0.0000000000E+00    0.2229119667E-15    0.5231765043E+03    0.0000000000E+00    0.0000000000E+00    0.0000000000E+00    0.0000000000E+00
