    0.0000000000E+00    0.0000000000E+00
    0.1447411511E+02    0.2258987185E-01
    0.2872851747E+02    0.2177367507E-01
    0.4256268665E+02    0.2789145512E-01
    0.5579514768E+02    0.1153192879E-01
    0.6820215953E+02    0.1946528837E-01
    0.7925137743E+02    0.1338030731E-01
    0.8706179335E+02    0.6218934079E-02
    0.2494005097E+02    0.1475261153E-01
    0.3770861827E+02    0.8628522181E-02
    0.5062682455E+02    0.1011215693E-01
    0.6309276125E+02    0.1134318066E-01
    0.7467204255E+02    0.9736915097E-02
    0.8436544689E+02    0.6937790375E-02
    0.8884069617E+02    0.9139227350E-02
    0.4872790601E+02    0.1100870910E-01
    0.6022395956E+02    0.9228858396E-02
    0.7145160507E+02    0.8196036824E-02
    0.8173925716E+02    0.9827795595E-02
    0.8928291167E+02    0.1283494241E-01
    0.7028526776E+02    0.1071656165E-01
    0.8014061772E+02    0.1189721953E-01
    0.8892427009E+02    0.1876260732E-01
    0.9341214488E+02    0.3886406965E-01
    0.8866963560E+02    0.1905854446E-01
    0.9604163703E+02    0.1638529662E-01
    0.1031158323E+03    0.4696521794E-01
    0.0000000000E+00    0.0000000000E+00
    0.2256250737E+02    0.1193174554E-01
    0.4448014044E+02    0.2144445567E-01
    0.6506478659E+02    0.2080720893E-01
    0.8353474029E+02    0.2090840745E-01
    0.9896113463E+02    0.2622423460E-01
    0.1102520869E+03    0.2597164001E-01
    0.1162845271E+03    0.7095600346E-02
    0.3954395840E+02    0.4981686735E-01
    0.6001839391E+02    0.5625424992E-01
    0.7964285597E+02    0.4390319440E-01
    0.9689247664E+02    0.2094662402E-01
    0.1105667255E+03    0.2508928521E-01
    0.1194698434E+03    0.4139943197E-01
    0.1181157142E+03    0.8375468545E-01
    0.8028022237E+02    0.4867904590E-01
    0.1001784206E+03    0.5386844387E-01
    0.1171545711E+03    0.7633035379E-01
    0.1243312710E+03    0.7662305220E-01
    0.1173769483E+03    0.6760498756E-01
    0.1214264726E+03    0.8955245369E-01
    0.1255458735E+03    0.1088080891E+00
    0.1173739469E+03    0.8392602584E-01
    0.1130550273E+03    0.1395988344E+00
    0.1174691812E+03    0.8798691875E-01
    0.1102319583E+03    0.7435186235E-01
    0.1031158323E+03    0.5280048965E-01
    0.0000000000E+00    0.0000000000E+00
    0.4321037980E+02    0.3505914467E+00
    0.8519971279E+02    0.1819547134E+00
    0.1248118169E+03    0.3675469138E+00
    0.1450854646E+03    0.2569776353E+00
    0.1360555933E+03    0.7387532468E-01
    0.1268869914E+03    0.6358048234E-01
    0.1198898091E+03    0.1114825743E+00
    0.7369355178E+02    0.1310161215E+00
    0.1100293206E+03    0.1739356559E+00
    0.1455664311E+03    0.1960518951E+00
    0.1399026351E+03    0.1398616882E+00
    0.1307158343E+03    0.1014948698E+00
    0.1222307090E+03    0.7180567009E-01
    0.1225790391E+03    0.3485049706E-01
    0.1386376091E+03    0.1357986062E+00
    0.1419168846E+03    0.2262703235E+00
    0.1332225155E+03    0.1092239215E+00
    0.1295740109E+03    0.6051078070E-01
    0.1361747200E+03    0.7511671064E-01
    0.1340937056E+03    0.1466246317E+00
    0.1394792809E+03    0.1569845858E+00
    0.1514887249E+03    0.2116139230E+00
    0.1556834182E+03    0.2308575289E+00
    0.1591842177E+03    0.2427722890E+00
    0.1711935508E+03    0.3458457812E+00
    0.1803125671E+03    0.1310185676E+01
    0.1641842798E+03    0.5040282699E+00
    0.1628751538E+03    0.3852443510E+00
    0.1590418528E+03    0.2960705195E+00
    0.1529616048E+03    0.2095065397E+00
    0.1610177496E+03    0.6060980205E+00
    0.1929729436E+03    0.6772695941E+00
    0.2200646402E+03    0.8425247920E+00
    0.2419135191E+03    0.1616047898E+01
    0.1603040552E+03    0.3288567095E+00
    0.1553478868E+03    0.3334851767E+00
    0.1483693243E+03    0.3780242757E+00
    0.1781436603E+03    0.3726751739E+00
    0.2066438860E+03    0.4534142853E+00
    0.2304141191E+03    0.4678852241E+00
    0.2481571243E+03    0.2130431763E+01
    0.1494939340E+03    0.2032940050E+00
    0.1671238436E+03    0.1920216409E+00
    0.1935813064E+03    0.2429512612E+00
    0.2169169051E+03    0.4392691767E+00
    0.2364817973E+03    0.7495395793E+00
    0.1875031697E+03    0.1561718087E+00
    0.2062206084E+03    0.2850880847E+00
    0.2234133997E+03    0.3372929845E+00
    0.2373909366E+03    0.1861445158E+01
    0.2167479119E+03    0.3763417779E+00
    0.2272535346E+03    0.4015038034E+00
    0.2314567350E+03    0.4608211504E+00
    0.2827379554E+03    0.2811835810E+01
    0.2820113595E+03    0.3301368395E+00
    0.2798929924E+03    0.3600951707E+00
    0.2765797463E+03    0.3623703011E+00
    0.2724407381E+03    0.4547729528E+00
    0.2680676966E+03    0.4177464250E+00
    0.2642932819E+03    0.1858461592E+00
    0.2588309498E+03    0.6885525428E+00
    0.2806586619E+03    0.1864106021E+01
    0.2781264496E+03    0.9925769690E+00
    0.2746292763E+03    0.1424057847E+01
    0.2705629115E+03    0.4597580379E+00
    0.2664720713E+03    0.3552200494E+00
    0.2616999888E+03    0.6803506613E+00
    0.2501412191E+03    0.1892049707E+00
    0.2757593782E+03    0.2013173882E+01
    0.2729043378E+03    0.8088373010E+00
    0.2694549051E+03    0.4008634790E+00
    0.2633925127E+03    0.6729161051E+00
    0.2522039650E+03    0.1799188607E+01
    0.2716152877E+03    0.7981464310E+00
    0.2648008333E+03    0.1775189994E+01
    0.2534131355E+03    0.6559662913E+00
    0.2413168903E+03    0.3600828875E+00
    0.2537845742E+03    0.9927080069E+00
    0.2410205440E+03    0.5731616604E+00
    0.2314567351E+03    0.7795576382E+00
    0.2827379556E+03    0.9243265473E+00
    0.2829583972E+03    0.4534233374E+01
    0.2833808628E+03    0.2251258125E+01
    0.2833415432E+03    0.5313868505E+01
    0.2818890636E+03    0.4111355684E+01
    0.2779585132E+03    0.7713675664E+01
    0.2705374988E+03    0.3078680082E+01
    0.2620639233E+03    0.1446520228E+00
    0.2832114090E+03    0.3083028371E+01
    0.2832287742E+03    0.3197535951E+01
    0.2822793947E+03    0.3950943585E+01
    0.2794446359E+03    0.6396725032E+01
    0.2738621675E+03    0.4762157887E+01
    0.2662048296E+03    0.1448313713E+01
    0.2637845236E+03    0.2243602000E+00
    0.2820072195E+03    0.3308155803E+01
    0.2791579451E+03    0.6635577669E+01
    0.2744145245E+03    0.4203758509E+01
    0.2696600588E+03    0.5649032370E+00
    0.2675755502E+03    0.2372960956E+00
    0.2734693441E+03    0.1209881843E+01
    0.2709356837E+03    0.9023799974E+00
    0.2705695785E+03    0.5567962136E+00
    0.2704702762E+03    0.2992489556E+00
    0.2716268317E+03    0.6686926801E+00
    0.2723991488E+03    0.1004523596E+01
    0.2731882474E+03    0.1603341552E+01
