# distance  frequency (bands are separated by blank lines)
# End points of segments: 
#   0.00000000 0.23385710 0.36887440 0.63890910 
0.000000 -0.002211
0.001175 0.256683
0.002350 0.513360
0.003525 0.770009
0.004701 1.026618
0.005876 1.283173
0.007051 1.539662
0.008226 1.796072
0.009401 2.052389
0.010577 2.308600
0.011752 2.564692
0.012927 2.820652
0.014102 3.076467
0.015277 3.332124
0.016452 3.587610
0.017627 3.842912
0.018803 4.098017
0.019978 4.352912
0.021153 4.607585
0.022328 4.862023
0.023503 5.116214
0.024678 5.370144
0.025854 5.623801
0.027029 5.877174
0.028204 6.130249
0.029379 6.383015
0.030554 6.635459
0.031729 6.887570
0.032905 7.139336
0.034080 7.390744
0.035255 7.641783
0.036430 7.892441
0.037605 8.142707
0.038780 8.392570
0.039955 8.642018
0.041131 8.891041
0.042306 9.139626
0.043481 9.387764
0.044656 9.635443
0.045831 9.882654
0.047006 10.129384
0.048182 10.375625
0.049357 10.621365
0.050532 10.866596
0.051707 11.111306
0.052882 11.355486
0.054057 11.599127
0.055233 11.842219
0.056408 12.084752
0.057583 12.326718
0.058758 12.568108
0.059933 12.808912
0.061108 13.049122
0.062284 13.288730
0.063459 13.527726
0.064634 13.766104
0.065809 14.003854
0.066984 14.240970
0.068159 14.477443
0.069334 14.713265
0.070510 14.948431
0.071685 15.182931
0.072860 15.416760
0.074035 15.649911
0.075210 15.882376
0.076385 16.114150
0.077561 16.345226
0.078736 16.575597
0.079911 16.805259
0.081086 17.034206
0.082261 17.262431
0.083436 17.489929
0.084612 17.716695
0.085787 17.942724
0.086962 18.168012
0.088137 18.392552
0.089312 18.616342
0.090487 18.839376
0.091663 19.061650
0.092838 19.283161
0.094013 19.503904
0.095188 19.723876
0.096363 19.943072
0.097538 20.161491
0.098714 20.379128
0.099889 20.595981
0.101064 20.812046
0.102239 21.027321
0.103414 21.241804
0.104589 21.455491
0.105764 21.668381
0.106940 21.880471
0.108115 22.091760
0.109290 22.302246
0.110465 22.511926
0.111640 22.720800
0.112815 22.928866
0.113991 23.136123
0.115166 23.342568
0.116341 23.548202
0.117516 23.753024
0.118691 23.957032
0.119867 24.160226
0.121042 24.362605
0.122217 24.564169
0.123392 24.764917
0.124567 24.964849
0.125742 25.163964
0.126917 25.362264
0.128093 25.559746
0.129268 25.756413
0.130443 25.952263
0.131618 26.147296
0.132793 26.341514
0.133968 26.534916
0.135144 26.727503
0.136319 26.919275
0.137494 27.110232
0.138669 27.300376
0.139844 27.489705
0.141019 27.678222
0.142195 27.865926
0.143370 28.052819
0.144545 28.238900
0.145720 28.424171
0.146895 28.608632
0.148070 28.792284
0.149246 28.975127
0.150421 29.157161
0.151596 29.338389
0.152771 29.518809
0.153946 29.698423
0.155121 29.877231
0.156297 30.055233
0.157472 30.232431
0.158647 30.408824
0.159822 30.584413
0.160997 30.759197
0.162172 30.933178
0.163347 31.106355
0.164523 31.278728
0.165698 31.450297
0.166873 31.621062
0.168048 31.791023
0.169223 31.960179
0.170398 32.128530
0.171574 32.296075
0.172749 32.462813
0.173924 32.628744
0.175099 32.793866
0.176274 32.958178
0.177449 33.121679
0.178624 33.284367
0.179800 33.446240
0.180975 33.607296
0.182150 33.767533
0.183325 33.926949
0.184500 34.085539
0.185675 34.243302
0.186851 34.400234
0.188026 34.556331
0.189201 34.711588
0.190376 34.866002
0.191551 35.019567
0.192726 35.172277
0.193902 35.324126
0.195077 35.475108
0.196252 35.625215
0.197427 35.774438
0.198602 35.922768
0.199777 36.070195
0.200953 36.216706
0.202128 36.362290
0.203303 36.506930
0.204478 36.650611
0.205653 36.793312
0.206828 36.935013
0.208004 37.075688
0.209179 37.215306
0.210354 37.353835
0.211529 37.491232
0.212704 37.627450
0.213879 37.762429
0.215055 37.896099
0.216230 38.028371
0.217405 38.159137
0.218580 38.288259
0.219755 38.415559
0.220930 38.540809
0.222106 38.663704
0.223281 38.783835
0.224456 38.900641
0.225631 39.013338
0.226806 39.120814
0.227981 39.221467
0.229157 39.312989
0.230332 39.392111
0.231507 39.454464
0.232682 39.494947
0.233857 39.509060

0.233857 13.725989
0.234536 13.725986
0.235214 13.725978
0.235893 13.725965
0.236571 13.725946
0.237250 13.725923
0.237928 13.725894
0.238606 13.725862
0.239285 13.725825
0.239963 13.725784
0.240642 13.725741
0.241320 13.725694
0.241999 13.725646
0.242677 13.725595
0.243356 13.725544
0.244034 13.725493
0.244713 13.725442
0.245391 13.725393
0.246070 13.725346
0.246748 13.725303
0.247427 13.725263
0.248105 13.725229
0.248784 13.725201
0.249462 13.725181
0.250141 13.725169
0.250819 13.725168
0.251498 13.725177
0.252176 13.725199
0.252854 13.725235
0.253533 13.725286
0.254211 13.725354
0.254890 13.725440
0.255568 13.725546
0.256247 13.725674
0.256925 13.725825
0.257604 13.726000
0.258282 13.726203
0.258961 13.726433
0.259639 13.726695
0.260318 13.726988
0.260996 13.727316
0.261675 13.727679
0.262353 13.728081
0.263032 13.728523
0.263710 13.729007
0.264389 13.729536
0.265067 13.730111
0.265746 13.730736
0.266424 13.731411
0.267103 13.732140
0.267781 13.732925
0.268460 13.733767
0.269138 13.734671
0.269817 13.735637
0.270495 13.736669
0.271174 13.737769
0.271852 13.738939
0.272530 13.740182
0.273209 13.741501
0.273887 13.742899
0.274566 13.744377
0.275244 13.745940
0.275923 13.747588
0.276601 13.749326
0.277280 13.751156
0.277958 13.753080
0.278637 13.755102
0.279315 13.757225
0.279994 13.759451
0.280672 13.761783
0.281351 13.764224
0.282029 13.766777
0.282708 13.769445
0.283386 13.772231
0.284065 13.775137
0.284743 13.778168
0.285421 13.781326
0.286100 13.784613
0.286778 13.788033
0.287457 13.791589
0.288135 13.795285
0.288814 13.799122
0.289492 13.803104
0.290171 13.807235
0.290849 13.811516
0.291528 13.815952
0.292206 13.820546
0.292885 13.825299
0.293563 13.830216
0.294242 13.835300
0.294920 13.840554
0.295599 13.845980
0.296277 13.851581
0.296956 13.857362
0.297634 13.863324
0.298313 13.869471
0.298991 13.875806
0.299670 13.882332
0.300348 13.889052
0.301026 13.895969
0.301705 13.903085
0.302384 13.910404
0.303062 13.917929
0.303741 13.925662
0.304419 13.933606
0.305097 13.941765
0.305776 13.950141
0.306454 13.958737
0.307133 13.967556
0.307811 13.976600
0.308490 13.985873
0.309168 13.995376
0.309847 14.005113
0.310525 14.015086
0.311204 14.025298
0.311882 14.035751
0.312561 14.046448
0.313239 14.057392
0.313918 14.068584
0.314596 14.080028
0.315275 14.091725
0.315953 14.103678
0.316632 14.115890
0.317310 14.128362
0.317989 14.141097
0.318667 14.154096
0.319346 14.167363
0.320024 14.180899
0.320702 14.194706
0.321381 14.208785
0.322059 14.223140
0.322738 14.237772
0.323416 14.252682
0.324095 14.267872
0.324773 14.283345
0.325452 14.299101
0.326130 14.315143
0.326809 14.331471
0.327487 14.348088
0.328166 14.364994
0.328844 14.382191
0.329523 14.399681
0.330201 14.417465
0.330880 14.435543
0.331558 14.453917
0.332237 14.472588
0.332915 14.491558
0.333593 14.510826
0.334272 14.530393
0.334950 14.550262
0.335629 14.570432
0.336307 14.590903
0.336986 14.611678
0.337664 14.632755
0.338343 14.654136
0.339021 14.675822
0.339700 14.697811
0.340378 14.720105
0.341057 14.742705
0.341735 14.765609
0.342414 14.788819
0.343092 14.812333
0.343771 14.836153
0.344449 14.860278
0.345128 14.884708
0.345806 14.909443
0.346485 14.934481
0.347163 14.959824
0.347842 14.985471
0.348520 15.011420
0.349199 15.037672
0.349877 15.064226
0.350556 15.091080
0.351234 15.118236
0.351913 15.145691
0.352591 15.173444
0.353269 15.201496
0.353948 15.229844
0.354626 15.258488
0.355305 15.287426
0.355983 15.316658
0.356662 15.346182
0.357340 15.375996
0.358019 15.406101
0.358697 15.436493
0.359376 15.467172
0.360054 15.498135
0.360733 15.529382
0.361411 15.560911
0.362090 15.592720
0.362768 15.624807
0.363447 15.657171
0.364125 15.689809
0.364804 15.722720
0.365482 15.755901
0.366160 15.789352
0.366839 15.823068
0.367517 15.857049
0.368196 15.891293
0.368874 15.925790

0.368874 15.925790
0.370231 15.856091
0.371588 15.785527
0.372945 15.714100
0.374302 15.641811
0.375659 15.568662
0.377016 15.494655
0.378373 15.419792
0.379730 15.344076
0.381087 15.267510
0.382444 15.190096
0.383801 15.111839
0.385158 15.032741
0.386515 14.952806
0.387872 14.872039
0.389229 14.790444
0.390586 14.708025
0.391943 14.624788
0.393300 14.540737
0.394657 14.455877
0.396014 14.370215
0.397371 14.283756
0.398728 14.196506
0.400085 14.108472
0.401441 14.019660
0.402798 13.930077
0.404155 13.839730
0.405512 13.748627
0.406869 13.656776
0.408226 13.564183
0.409583 13.470858
0.410940 13.376808
0.412297 13.282043
0.413654 13.186572
0.415011 13.090402
0.416368 12.993545
0.417725 12.896009
0.419082 12.797804
0.420439 12.698941
0.421796 12.599430
0.423153 12.499281
0.424510 12.398506
0.425867 12.297114
0.427224 12.195119
0.428581 12.092530
0.429938 11.989361
0.431295 11.885622
0.432652 11.781327
0.434008 11.676487
0.435365 11.571115
0.436722 11.465224
0.438079 11.358828
0.439436 11.251938
0.440793 11.144570
0.442150 11.036736
0.443507 10.928450
0.444864 10.819727
0.446221 10.710581
0.447578 10.601026
0.448935 10.491076
0.450292 10.380748
0.451649 10.270055
0.453006 10.159012
0.454363 10.047636
0.455720 9.935941
0.457077 9.823944
0.458434 9.711660
0.459791 9.599105
0.461148 9.486295
0.462504 9.373246
0.463861 9.259976
0.465218 9.146499
0.466575 9.032834
0.467932 8.918997
0.469289 8.805005
0.470646 8.690874
0.472003 8.576623
0.473360 8.462268
0.474717 8.347826
0.476074 8.233315
0.477431 8.118754
0.478788 8.004158
0.480145 7.889546
0.481502 7.774937
0.482859 7.660346
0.484216 7.545794
0.485573 7.431297
0.486930 7.316873
0.488287 7.202541
0.489644 7.088319
0.491001 6.974225
0.492358 6.860277
0.493715 6.746493
0.495071 6.632892
0.496428 6.519491
0.497785 6.406309
0.499142 6.293365
0.500499 6.180675
0.501856 6.068259
0.503213 5.956135
0.504570 5.844320
0.505927 5.732832
0.507284 5.621691
0.508641 5.510912
0.509998 5.400515
0.511355 5.290517
0.512712 5.180935
0.514069 5.071787
0.515426 4.963091
0.516783 4.854863
0.518140 4.747120
0.519497 4.639880
0.520854 4.533158
0.522211 4.426972
0.523568 4.321338
0.524925 4.216270
0.526282 4.111786
0.527639 4.007901
0.528995 3.904629
0.530353 3.801984
0.531709 3.699982
0.533066 3.598636
0.534423 3.497959
0.535780 3.397963
0.537137 3.298661
0.538494 3.200065
0.539851 3.102184
0.541208 3.005028
0.542565 2.908607
0.543922 2.812927
0.545279 2.717996
0.546636 2.623818
0.547993 2.530398
0.549350 2.437736
0.550707 2.345832
0.552064 2.254684
0.553421 2.164286
0.554778 2.074630
0.556135 1.985701
0.557492 1.897484
0.558849 1.809954
0.560206 1.723082
0.561562 1.636830
0.562919 1.551148
0.564276 1.465976
0.565633 1.381233
0.566990 1.296821
0.568347 1.212608
0.569704 1.128425
0.571061 1.044049
0.572418 0.959177
0.573775 0.873387
0.575132 0.786072
0.576489 0.696312
0.577846 0.602620
0.579203 0.502326
0.580560 0.389765
0.581917 0.247860
0.583274 -0.139941
0.584631 -0.302659
0.585988 -0.393806
0.587345 -0.458781
0.588702 -0.508178
0.590059 -0.546646
0.591416 -0.576758
0.592773 -0.600133
0.594129 -0.617881
0.595486 -0.630808
0.596843 -0.639527
0.598200 -0.644521
0.599557 -0.646180
0.600914 -0.644828
0.602271 -0.640738
0.603628 -0.634144
0.604985 -0.625252
0.606342 -0.614242
0.607699 -0.601275
0.609056 -0.586497
0.610413 -0.570039
0.611770 -0.552023
0.613127 -0.532561
0.614484 -0.511756
0.615841 -0.489708
0.617198 -0.466506
0.618555 -0.442239
0.619912 -0.416988
0.621269 -0.390833
0.622626 -0.363848
0.623983 -0.336108
0.625340 -0.307682
0.626696 -0.278638
0.628053 -0.249043
0.629410 -0.218963
0.630767 -0.188459
0.632124 -0.157596
0.633481 -0.126433
0.634838 -0.095032
0.636195 -0.063454
0.637552 -0.031756
0.638909 0.000000


0.000000 0.000000
0.001175 -0.027504
0.002350 -0.054970
0.003525 -0.082358
0.004701 -0.109631
0.005876 -0.136750
0.007051 -0.163675
0.008226 -0.190367
0.009401 -0.216785
0.010577 -0.242890
0.011752 -0.268639
0.012927 -0.293991
0.014102 -0.318903
0.015277 -0.343331
0.016452 -0.367230
0.017627 -0.390553
0.018803 -0.413253
0.019978 -0.435280
0.021153 -0.456582
0.022328 -0.477107
0.023503 -0.496798
0.024678 -0.515596
0.025854 -0.533441
0.027029 -0.550268
0.028204 -0.566006
0.029379 -0.580582
0.030554 -0.593918
0.031729 -0.605927
0.032905 -0.616519
0.034080 -0.625593
0.035255 -0.633036
0.036430 -0.638729
0.037605 -0.642533
0.038780 -0.644294
0.039955 -0.643837
0.041131 -0.640958
0.042306 -0.635421
0.043481 -0.626943
0.044656 -0.615183
0.045831 -0.599717
0.047006 -0.580006
0.048182 -0.555340
0.049357 -0.524743
0.050532 -0.486795
0.051707 -0.439252
0.052882 -0.378114
0.054057 -0.294519
0.055233 -0.154734
0.056408 0.213879
0.057583 0.350202
0.058758 0.455054
0.059933 0.547148
0.061108 0.632348
0.062284 0.713365
0.063459 0.791697
0.064634 0.868269
0.065809 0.943690
0.066984 1.018386
0.068159 1.092665
0.069334 1.166757
0.070510 1.240837
0.071685 1.315041
0.072860 1.389476
0.074035 1.464230
0.075210 1.539371
0.076385 1.614956
0.077561 1.691031
0.078736 1.767635
0.079911 1.844799
0.081086 1.922548
0.082261 2.000905
0.083436 2.079885
0.084612 2.159504
0.085787 2.239773
0.086962 2.320701
0.088137 2.402296
0.089312 2.484561
0.090487 2.567502
0.091663 2.651121
0.092838 2.735418
0.094013 2.820394
0.095188 2.906048
0.096363 2.992379
0.097538 3.079385
0.098714 3.167061
0.099889 3.255405
0.101064 3.344411
0.102239 3.434077
0.103414 3.524395
0.104589 3.615361
0.105764 3.706967
0.106940 3.799209
0.108115 3.892079
0.109290 3.985569
0.110465 4.079673
0.111640 4.174381
0.112815 4.269687
0.113991 4.365583
0.115166 4.462058
0.116341 4.559105
0.117516 4.656714
0.118691 4.754875
0.119867 4.853581
0.121042 4.952819
0.122217 5.052582
0.123392 5.152857
0.124567 5.253635
0.125742 5.354906
0.126917 5.456658
0.128093 5.558880
0.129268 5.661561
0.130443 5.764689
0.131618 5.868253
0.132793 5.972241
0.133968 6.076641
0.135144 6.181440
0.136319 6.286627
0.137494 6.392187
0.138669 6.498109
0.139844 6.604378
0.141019 6.710982
0.142195 6.817907
0.143370 6.925139
0.144545 7.032664
0.145720 7.140467
0.146895 7.248534
0.148070 7.356849
0.149246 7.465398
0.150421 7.574165
0.151596 7.683133
0.152771 7.792286
0.153946 7.901609
0.155121 8.011084
0.156297 8.120693
0.157472 8.230419
0.158647 8.340244
0.159822 8.450149
0.160997 8.560114
0.162172 8.670121
0.163347 8.780150
0.164523 8.890178
0.165698 9.000186
0.166873 9.110152
0.168048 9.220052
0.169223 9.329863
0.170398 9.439562
0.171574 9.549123
0.172749 9.658521
0.173924 9.767729
0.175099 9.876720
0.176274 9.985464
0.177449 10.093932
0.178624 10.202092
0.179800 10.309913
0.180975 10.417361
0.182150 10.524399
0.183325 10.630992
0.184500 10.737100
0.185675 10.842684
0.186851 10.947700
0.188026 11.052103
0.189201 11.155847
0.190376 11.258882
0.191551 11.361155
0.192726 11.462611
0.193902 11.563192
0.195077 11.662835
0.196252 11.761475
0.197427 11.859043
0.198602 11.955465
0.199777 12.050663
0.200953 12.144553
0.202128 12.237047
0.203303 12.328053
0.204478 12.417469
0.205653 12.505192
0.206828 12.591109
0.208004 12.675101
0.209179 12.757043
0.210354 12.836802
0.211529 12.914240
0.212704 12.989208
0.213879 13.061554
0.215055 13.131117
0.216230 13.197731
0.217405 13.261222
0.218580 13.321414
0.219755 13.378127
0.220930 13.431179
0.222106 13.480388
0.223281 13.525574
0.224456 13.566562
0.225631 13.603182
0.226806 13.635278
0.227981 13.662704
0.229157 13.685332
0.230332 13.703050
0.231507 13.715772
0.232682 13.723431
0.233857 13.725989

0.233857 19.010808
0.234536 19.010744
0.235214 19.010552
0.235893 19.010230
0.236571 19.009781
0.237250 19.009203
0.237928 19.008496
0.238606 19.007660
0.239285 19.006696
0.239963 19.005603
0.240642 19.004381
0.241320 19.003030
0.241999 19.001550
0.242677 18.999941
0.243356 18.998202
0.244034 18.996334
0.244713 18.994336
0.245391 18.992208
0.246070 18.989950
0.246748 18.987561
0.247427 18.985042
0.248105 18.982393
0.248784 18.979612
0.249462 18.976700
0.250141 18.973657
0.250819 18.970481
0.251498 18.967174
0.252176 18.963735
0.252854 18.960163
0.253533 18.956458
0.254211 18.952619
0.254890 18.948648
0.255568 18.944542
0.256247 18.940302
0.256925 18.935927
0.257604 18.931418
0.258282 18.926773
0.258961 18.921992
0.259639 18.917075
0.260318 18.912022
0.260996 18.906831
0.261675 18.901503
0.262353 18.896037
0.263032 18.890433
0.263710 18.884691
0.264389 18.878809
0.265067 18.872787
0.265746 18.866625
0.266424 18.860323
0.267103 18.853879
0.267781 18.847294
0.268460 18.840566
0.269138 18.833696
0.269817 18.826682
0.270495 18.819525
0.271174 18.812223
0.271852 18.804777
0.272530 18.797185
0.273209 18.789447
0.273887 18.781562
0.274566 18.773531
0.275244 18.765351
0.275923 18.757023
0.276601 18.748546
0.277280 18.739920
0.277958 18.731143
0.278637 18.722216
0.279315 18.713137
0.279994 18.703906
0.280672 18.694522
0.281351 18.684985
0.282029 18.675295
0.282708 18.665449
0.283386 18.655448
0.284065 18.645291
0.284743 18.634977
0.285421 18.624506
0.286100 18.613878
0.286778 18.603090
0.287457 18.592143
0.288135 18.581036
0.288814 18.569768
0.289492 18.558339
0.290171 18.546748
0.290849 18.534994
0.291528 18.523076
0.292206 18.510994
0.292885 18.498747
0.293563 18.486335
0.294242 18.473756
0.294920 18.461010
0.295599 18.448096
0.296277 18.435014
0.296956 18.421762
0.297634 18.408341
0.298313 18.394749
0.298991 18.380985
0.299670 18.367049
0.300348 18.352941
0.301026 18.338659
0.301705 18.324202
0.302384 18.309571
0.303062 18.294764
0.303741 18.279780
0.304419 18.264619
0.305097 18.249281
0.305776 18.233763
0.306454 18.218067
0.307133 18.202190
0.307811 18.186132
0.308490 18.169893
0.309168 18.153472
0.309847 18.136868
0.310525 18.120081
0.311204 18.103109
0.311882 18.085952
0.312561 18.068609
0.313239 18.051080
0.313918 18.033364
0.314596 18.015460
0.315275 17.997368
0.315953 17.979086
0.316632 17.960615
0.317310 17.941953
0.317989 17.923100
0.318667 17.904055
0.319346 17.884818
0.320024 17.865388
0.320702 17.845764
0.321381 17.825945
0.322059 17.805932
0.322738 17.785723
0.323416 17.765317
0.324095 17.744715
0.324773 17.723915
0.325452 17.702917
0.326130 17.681720
0.326809 17.660324
0.327487 17.638728
0.328166 17.616932
0.328844 17.594934
0.329523 17.572735
0.330201 17.550334
0.330880 17.527730
0.331558 17.504923
0.332237 17.481912
0.332915 17.458697
0.333593 17.435276
0.334272 17.411651
0.334950 17.387820
0.335629 17.363782
0.336307 17.339537
0.336986 17.315086
0.337664 17.290426
0.338343 17.265559
0.339021 17.240482
0.339700 17.215197
0.340378 17.189702
0.341057 17.163997
0.341735 17.138082
0.342414 17.111957
0.343092 17.085620
0.343771 17.059072
0.344449 17.032312
0.345128 17.005339
0.345806 16.978155
0.346485 16.950757
0.347163 16.923147
0.347842 16.895322
0.348520 16.867285
0.349199 16.839033
0.349877 16.810567
0.350556 16.781886
0.351234 16.752990
0.351913 16.723880
0.352591 16.694554
0.353269 16.665013
0.353948 16.635256
0.354626 16.605283
0.355305 16.575095
0.355983 16.544690
0.356662 16.514068
0.357340 16.483231
0.358019 16.452177
0.358697 16.420906
0.359376 16.389418
0.360054 16.357713
0.360733 16.325792
0.361411 16.293654
0.362090 16.261298
0.362768 16.228726
0.363447 16.195936
0.364125 16.162930
0.364804 16.129706
0.365482 16.096266
0.366160 16.062608
0.366839 16.028734
0.367517 15.994643
0.368196 15.960335
0.368874 15.925817

0.368874 15.925817
0.370231 15.995595
0.371588 16.066386
0.372945 16.138170
0.374302 16.210927
0.375659 16.284635
0.377016 16.359275
0.378373 16.434824
0.379730 16.511259
0.381087 16.588557
0.382444 16.666695
0.383801 16.745648
0.385158 16.825393
0.386515 16.905905
0.387872 16.987157
0.389229 17.069125
0.390586 17.151782
0.391943 17.235103
0.393300 17.319060
0.394657 17.403627
0.396014 17.488776
0.397371 17.574482
0.398728 17.660715
0.400085 17.747449
0.401441 17.834655
0.402798 17.922307
0.404155 18.010377
0.405512 18.098835
0.406869 18.187655
0.408226 18.276809
0.409583 18.366268
0.410940 18.456006
0.412297 18.545993
0.413654 18.636202
0.415011 18.726607
0.416368 18.817178
0.417725 18.907889
0.419082 18.998712
0.420439 19.089621
0.421796 19.180589
0.423153 19.271588
0.424510 19.362593
0.425867 19.453576
0.427224 19.544513
0.428581 19.635377
0.429938 19.726143
0.431295 19.816786
0.432652 19.907280
0.434008 19.997601
0.435365 20.087725
0.436722 20.177628
0.438079 20.267286
0.439436 20.356676
0.440793 20.445775
0.442150 20.534559
0.443507 20.623008
0.444864 20.711099
0.446221 20.798811
0.447578 20.886122
0.448935 20.973012
0.450292 21.059461
0.451649 21.145448
0.453006 21.230955
0.454363 21.315962
0.455720 21.400451
0.457077 21.484403
0.458434 21.567801
0.459791 21.650627
0.461148 21.732865
0.462504 21.814498
0.463861 21.895511
0.465218 21.975887
0.466575 22.055611
0.467932 22.134669
0.469289 22.213048
0.470646 22.290732
0.472003 22.367709
0.473360 22.443967
0.474717 22.519492
0.476074 22.594273
0.477431 22.668299
0.478788 22.741559
0.480145 22.814041
0.481502 22.885738
0.482859 22.956637
0.484216 23.026732
0.485573 23.096013
0.486930 23.164472
0.488287 23.232102
0.489644 23.298894
0.491001 23.364843
0.492358 23.429943
0.493715 23.494187
0.495071 23.557570
0.496428 23.620087
0.497785 23.681734
0.499142 23.742506
0.500499 23.802401
0.501856 23.861414
0.503213 23.919544
0.504570 23.976788
0.505927 24.033144
0.507284 24.088611
0.508641 24.143187
0.509998 24.196873
0.511355 24.249667
0.512712 24.301571
0.514069 24.352585
0.515426 24.402710
0.516783 24.451947
0.518140 24.500298
0.519497 24.547766
0.520854 24.594353
0.522211 24.640061
0.523568 24.684894
0.524925 24.728857
0.526282 24.771952
0.527639 24.814184
0.528995 24.855558
0.530353 24.896079
0.531709 24.935751
0.533066 24.974582
0.534423 25.012576
0.535780 25.049740
0.537137 25.086080
0.538494 25.121604
0.539851 25.156317
0.541208 25.190228
0.542565 25.223344
0.543922 25.255673
0.545279 25.287223
0.546636 25.318003
0.547993 25.348019
0.549350 25.377283
0.550707 25.405801
0.552064 25.433584
0.553421 25.460640
0.554778 25.486980
0.556135 25.512612
0.557492 25.537546
0.558849 25.561793
0.560206 25.585362
0.561562 25.608263
0.562919 25.630507
0.564276 25.652103
0.565633 25.673063
0.566990 25.693396
0.568347 25.713113
0.569704 25.732226
0.571061 25.750743
0.572418 25.768677
0.573775 25.786037
0.575132 25.802834
0.576489 25.819080
0.577846 25.834784
0.579203 25.849957
0.580560 25.864610
0.581917 25.878753
0.583274 25.892398
0.584631 25.905553
0.585988 25.918230
0.587345 25.930438
0.588702 25.942189
0.590059 25.953491
0.591416 25.964355
0.592773 25.974791
0.594129 25.984807
0.595486 25.994414
0.596843 26.003621
0.598200 26.012437
0.599557 26.020871
0.600914 26.028932
0.602271 26.036627
0.603628 26.043967
0.604985 26.050957
0.606342 26.057608
0.607699 26.063925
0.609056 26.069917
0.610413 26.075590
0.611770 26.080952
0.613127 26.086009
0.614484 26.090767
0.615841 26.095233
0.617198 26.099413
0.618555 26.103311
0.619912 26.106932
0.621269 26.110283
0.622626 26.113367
0.623983 26.116188
0.625340 26.118751
0.626696 26.121059
0.628053 26.123115
0.629410 26.124922
0.630767 26.126483
0.632124 26.127800
0.633481 26.128875
0.634838 26.129710
0.636195 26.130305
0.637552 26.130662
0.638909 26.130781


0.000000 0.002211
0.001175 0.155366
0.002350 0.310706
0.003525 0.466021
0.004701 0.621296
0.005876 0.776516
0.007051 0.931668
0.008226 1.086738
0.009401 1.241712
0.010577 1.396577
0.011752 1.551320
0.012927 1.705926
0.014102 1.860382
0.015277 2.014675
0.016452 2.168791
0.017627 2.322718
0.018803 2.476441
0.019978 2.629949
0.021153 2.783227
0.022328 2.936262
0.023503 3.089042
0.024678 3.241555
0.025854 3.393786
0.027029 3.545724
0.028204 3.697355
0.029379 3.848668
0.030554 3.999650
0.031729 4.150289
0.032905 4.300572
0.034080 4.450488
0.035255 4.600025
0.036430 4.749171
0.037605 4.897914
0.038780 5.046242
0.039955 5.194146
0.041131 5.341612
0.042306 5.488630
0.043481 5.635190
0.044656 5.781279
0.045831 5.926889
0.047006 6.072008
0.048182 6.216625
0.049357 6.360732
0.050532 6.504317
0.051707 6.647371
0.052882 6.789885
0.054057 6.931848
0.055233 7.073252
0.056408 7.214087
0.057583 7.354345
0.058758 7.494016
0.059933 7.633093
0.061108 7.771567
0.062284 7.909429
0.063459 8.046672
0.064634 8.183288
0.065809 8.319269
0.066984 8.454608
0.068159 8.589298
0.069334 8.723332
0.070510 8.856703
0.071685 8.989404
0.072860 9.121429
0.074035 9.252772
0.075210 9.383426
0.076385 9.513387
0.077561 9.642648
0.078736 9.771204
0.079911 9.899050
0.081086 10.026181
0.082261 10.152592
0.083436 10.278278
0.084612 10.403236
0.085787 10.527460
0.086962 10.650948
0.088137 10.773694
0.089312 10.895696
0.090487 11.016951
0.091663 11.137454
0.092838 11.257202
0.094013 11.376194
0.095188 11.494425
0.096363 11.611894
0.097538 11.728599
0.098714 11.844536
0.099889 11.959704
0.101064 12.074101
0.102239 12.187725
0.103414 12.300574
0.104589 12.412648
0.105764 12.523944
0.106940 12.634461
0.108115 12.744198
0.109290 12.853155
0.110465 12.961330
0.111640 13.068722
0.112815 13.175331
0.113991 13.281156
0.115166 13.386197
0.116341 13.490452
0.117516 13.593922
0.118691 13.696606
0.119867 13.798503
0.121042 13.899614
0.122217 13.999937
0.123392 14.099474
0.124567 14.198222
0.125742 14.296183
0.126917 14.393356
0.128093 14.489740
0.129268 14.585334
0.130443 14.680140
0.131618 14.774155
0.132793 14.867379
0.133968 14.959813
0.135144 15.051454
0.136319 15.142303
0.137494 15.232357
0.138669 15.321617
0.139844 15.410081
0.141019 15.497747
0.142195 15.584614
0.143370 15.670681
0.144545 15.755945
0.145720 15.840404
0.146895 15.924056
0.148070 16.006899
0.149246 16.088930
0.150421 16.170145
0.151596 16.250543
0.152771 16.330119
0.153946 16.408869
0.155121 16.486790
0.156297 16.563878
0.157472 16.640128
0.158647 16.715535
0.159822 16.790094
0.160997 16.863799
0.162172 16.936646
0.163347 17.008627
0.164523 17.079737
0.165698 17.149968
0.166873 17.219314
0.168048 17.287768
0.169223 17.355321
0.170398 17.421966
0.171574 17.487694
0.172749 17.552496
0.173924 17.616364
0.175099 17.679288
0.176274 17.741258
0.177449 17.802265
0.178624 17.862297
0.179800 17.921345
0.180975 17.979397
0.182150 18.036441
0.183325 18.092467
0.184500 18.147463
0.185675 18.201416
0.186851 18.254315
0.188026 18.306146
0.189201 18.356897
0.190376 18.406554
0.191551 18.455106
0.192726 18.502538
0.193902 18.548837
0.195077 18.593990
0.196252 18.637982
0.197427 18.680801
0.198602 18.722433
0.199777 18.762864
0.200953 18.802079
0.202128 18.840067
0.203303 18.876813
0.204478 18.912303
0.205653 18.946525
0.206828 18.979466
0.208004 19.011112
0.209179 19.041451
0.210354 19.070471
0.211529 19.098159
0.212704 19.124504
0.213879 19.149495
0.215055 19.173120
0.216230 19.195370
0.217405 19.216234
0.218580 19.235702
0.219755 19.253766
0.220930 19.270417
0.222106 19.285648
0.223281 19.299450
0.224456 19.311818
0.225631 19.322746
0.226806 19.332227
0.227981 19.340258
0.229157 19.346833
0.230332 19.351952
0.231507 19.355609
0.232682 19.357804
0.233857 19.358536

0.233857 19.358536
0.234536 19.359034
0.235214 19.360527
0.235893 19.363014
0.236571 19.366496
0.237250 19.370971
0.237928 19.376439
0.238606 19.382899
0.239285 19.390350
0.239963 19.398789
0.240642 19.408216
0.241320 19.418629
0.241999 19.430025
0.242677 19.442402
0.243356 19.455759
0.244034 19.470093
0.244713 19.485400
0.245391 19.501678
0.246070 19.518924
0.246748 19.537135
0.247427 19.556307
0.248105 19.576437
0.248784 19.597521
0.249462 19.619555
0.250141 19.642534
0.250819 19.666456
0.251498 19.691314
0.252176 19.717106
0.252854 19.743825
0.253533 19.771467
0.254211 19.800028
0.254890 19.829502
0.255568 19.859883
0.256247 19.891166
0.256925 19.923347
0.257604 19.956418
0.258282 19.990374
0.258961 20.025209
0.259639 20.060918
0.260318 20.097493
0.260996 20.134928
0.261675 20.173218
0.262353 20.212355
0.263032 20.252333
0.263710 20.293144
0.264389 20.334783
0.265067 20.377242
0.265746 20.420514
0.266424 20.464591
0.267103 20.509467
0.267781 20.555134
0.268460 20.601585
0.269138 20.648812
0.269817 20.696807
0.270495 20.745562
0.271174 20.795071
0.271852 20.845324
0.272530 20.896314
0.273209 20.948034
0.273887 21.000474
0.274566 21.053626
0.275244 21.107483
0.275923 21.162036
0.276601 21.217277
0.277280 21.273197
0.277958 21.329787
0.278637 21.387040
0.279315 21.444947
0.279994 21.503498
0.280672 21.562685
0.281351 21.622500
0.282029 21.682933
0.282708 21.743976
0.283386 21.805619
0.284065 21.867855
0.284743 21.930672
0.285421 21.994064
0.286100 22.058019
0.286778 22.122530
0.287457 22.187587
0.288135 22.253180
0.288814 22.319301
0.289492 22.385940
0.290171 22.453086
0.290849 22.520732
0.291528 22.588868
0.292206 22.657483
0.292885 22.726568
0.293563 22.796113
0.294242 22.866109
0.294920 22.936546
0.295599 23.007413
0.296277 23.078701
0.296956 23.150400
0.297634 23.222500
0.298313 23.294990
0.298991 23.367861
0.299670 23.441101
0.300348 23.514701
0.301026 23.588650
0.301705 23.662937
0.302384 23.737552
0.303062 23.812484
0.303741 23.887722
0.304419 23.963255
0.305097 24.039072
0.305776 24.115162
0.306454 24.191513
0.307133 24.268114
0.307811 24.344954
0.308490 24.422020
0.309168 24.499301
0.309847 24.576784
0.310525 24.654458
0.311204 24.732310
0.311882 24.810328
0.312561 24.888498
0.313239 24.966809
0.313918 25.045245
0.314596 25.123795
0.315275 25.202445
0.315953 25.281180
0.316632 25.359987
0.317310 25.438850
0.317989 25.517757
0.318667 25.596690
0.319346 25.675636
0.320024 25.754578
0.320702 25.833501
0.321381 25.912388
0.322059 25.991222
0.322738 26.069986
0.323416 26.148663
0.324095 26.227235
0.324773 26.305683
0.325452 26.383988
0.326130 26.462131
0.326809 26.540092
0.327487 26.617850
0.328166 26.695384
0.328844 26.772672
0.329523 26.849693
0.330201 26.926422
0.330880 27.002836
0.331558 27.078911
0.332237 27.154622
0.332915 27.229942
0.333593 27.304845
0.334272 27.379303
0.334950 27.453288
0.335629 27.526770
0.336307 27.599718
0.336986 27.672103
0.337664 27.743891
0.338343 27.815049
0.339021 27.885542
0.339700 27.955337
0.340378 28.024395
0.341057 28.092681
0.341735 28.160154
0.342414 28.226776
0.343092 28.292507
0.343771 28.357303
0.344449 28.421123
0.345128 28.483923
0.345806 28.545657
0.346485 28.606281
0.347163 28.665748
0.347842 28.724010
0.348520 28.781020
0.349199 28.836728
0.349877 28.891087
0.350556 28.944046
0.351234 28.995555
0.351913 29.045566
0.352591 29.094029
0.353269 29.140895
0.353948 29.186115
0.354626 29.229642
0.355305 29.271430
0.355983 29.311432
0.356662 29.349606
0.357340 29.385909
0.358019 29.420303
0.358697 29.452749
0.359376 29.483214
0.360054 29.511665
0.360733 29.538074
0.361411 29.562416
0.362090 29.584670
0.362768 29.604817
0.363447 29.622843
0.364125 29.638739
0.364804 29.652498
0.365482 29.664119
0.366160 29.673603
0.366839 29.680957
0.367517 29.686191
0.368196 29.689318
0.368874 29.690356

0.368874 29.690356
0.370231 29.686250
0.371588 29.674083
0.372945 29.654105
0.374302 29.626604
0.375659 29.591898
0.377016 29.550324
0.378373 29.502230
0.379730 29.447970
0.381087 29.387899
0.382444 29.322363
0.383801 29.251702
0.385158 29.176242
0.386515 29.096292
0.387872 29.012148
0.389229 28.924088
0.390586 28.832373
0.391943 28.737246
0.393300 28.638936
0.394657 28.537653
0.396014 28.433594
0.397371 28.326940
0.398728 28.217860
0.400085 28.106508
0.401441 27.993030
0.402798 27.877557
0.404155 27.760213
0.405512 27.641111
0.406869 27.520357
0.408226 27.398047
0.409583 27.274272
0.410940 27.149114
0.412297 27.022652
0.413654 26.894956
0.415011 26.766093
0.416368 26.636124
0.417725 26.505108
0.419082 26.373097
0.420439 26.240141
0.421796 26.106286
0.423153 25.971575
0.424510 25.836048
0.425867 25.699743
0.427224 25.562694
0.428581 25.424934
0.429938 25.286493
0.431295 25.147400
0.432652 25.007681
0.434008 24.867362
0.435365 24.726464
0.436722 24.585010
0.438079 24.443020
0.439436 24.300513
0.440793 24.157506
0.442150 24.014016
0.443507 23.870058
0.444864 23.725647
0.446221 23.580796
0.447578 23.435518
0.448935 23.289823
0.450292 23.143723
0.451649 22.997228
0.453006 22.850348
0.454363 22.703089
0.455720 22.555462
0.457077 22.407473
0.458434 22.259128
0.459791 22.110435
0.461148 21.961398
0.462504 21.812024
0.463861 21.662316
0.465218 21.512280
0.466575 21.361919
0.467932 21.211237
0.469289 21.060237
0.470646 20.908922
0.472003 20.757294
0.473360 20.605356
0.474717 20.453110
0.476074 20.300557
0.477431 20.147699
0.478788 19.994537
0.480145 19.841073
0.481502 19.687306
0.482859 19.533238
0.484216 19.378869
0.485573 19.224199
0.486930 19.069229
0.488287 18.913958
0.489644 18.758387
0.491001 18.602515
0.492358 18.446343
0.493715 18.289869
0.495071 18.133093
0.496428 17.976015
0.497785 17.818634
0.499142 17.660949
0.500499 17.502961
0.501856 17.344668
0.503213 17.186070
0.504570 17.027166
0.505927 16.867956
0.507284 16.708438
0.508641 16.548613
0.509998 16.388479
0.511355 16.228036
0.512712 16.067284
0.514069 15.906222
0.515426 15.744850
0.516783 15.583168
0.518140 15.421174
0.519497 15.258870
0.520854 15.096254
0.522211 14.933327
0.523568 14.770089
0.524925 14.606540
0.526282 14.442681
0.527639 14.278510
0.528995 14.114030
0.530353 13.949241
0.531709 13.784142
0.533066 13.618736
0.534423 13.453022
0.535780 13.287003
0.537137 13.120678
0.538494 12.954049
0.539851 12.787118
0.541208 12.619885
0.542565 12.452353
0.543922 12.284524
0.545279 12.116398
0.546636 11.947978
0.547993 11.779266
0.549350 11.610265
0.550707 11.440976
0.552064 11.271401
0.553421 11.101544
0.554778 10.931407
0.556135 10.760993
0.557492 10.590305
0.558849 10.419345
0.560206 10.248117
0.561562 10.076623
0.562919 9.904868
0.564276 9.732855
0.565633 9.560586
0.566990 9.388066
0.568347 9.215299
0.569704 9.042287
0.571061 8.869036
0.572418 8.695548
0.573775 8.521828
0.575132 8.347880
0.576489 8.173709
0.577846 7.999317
0.579203 7.824710
0.580560 7.649892
0.581917 7.474867
0.583274 7.299641
0.584631 7.124216
0.585988 6.948599
0.587345 6.772792
0.588702 6.596802
0.590059 6.420633
0.591416 6.244289
0.592773 6.067776
0.594129 5.891097
0.595486 5.714259
0.596843 5.537265
0.598200 5.360120
0.599557 5.182830
0.600914 5.005399
0.602271 4.827832
0.603628 4.650134
0.604985 4.472310
0.606342 4.294365
0.607699 4.116303
0.609056 3.938130
0.610413 3.759850
0.611770 3.581469
0.613127 3.402991
0.614484 3.224421
0.615841 3.045764
0.617198 2.867025
0.618555 2.688209
0.619912 2.509320
0.621269 2.330365
0.622626 2.151346
0.623983 1.972270
0.625340 1.793140
0.626696 1.613963
0.628053 1.434742
0.629410 1.255483
0.630767 1.076191
0.632124 0.896869
0.633481 0.717523
0.634838 0.538158
0.636195 0.358778
0.637552 0.179386
0.638909 -0.002211


0.000000 26.130781
0.001175 26.130691
0.002350 26.130424
0.003525 26.129978
0.004701 26.129352
0.005876 26.128547
0.007051 26.127561
0.008226 26.126393
0.009401 26.125042
0.010577 26.123507
0.011752 26.121785
0.012927 26.119876
0.014102 26.117776
0.015277 26.115484
0.016452 26.112998
0.017627 26.110314
0.018803 26.107430
0.019978 26.104343
0.021153 26.101051
0.022328 26.097548
0.023503 26.093834
0.024678 26.089902
0.025854 26.085751
0.027029 26.081375
0.028204 26.076772
0.029379 26.071935
0.030554 26.066862
0.031729 26.061547
0.032905 26.055986
0.034080 26.050174
0.035255 26.044106
0.036430 26.037777
0.037605 26.031181
0.038780 26.024314
0.039955 26.017170
0.041131 26.009742
0.042306 26.002026
0.043481 25.994016
0.044656 25.985705
0.045831 25.977088
0.047006 25.968158
0.048182 25.958909
0.049357 25.949336
0.050532 25.939431
0.051707 25.929188
0.052882 25.918601
0.054057 25.907663
0.055233 25.896367
0.056408 25.884707
0.057583 25.872676
0.058758 25.860267
0.059933 25.847473
0.061108 25.834287
0.062284 25.820703
0.063459 25.806714
0.064634 25.792311
0.065809 25.777490
0.066984 25.762242
0.068159 25.746560
0.069334 25.730438
0.070510 25.713869
0.071685 25.696845
0.072860 25.679360
0.074035 25.661406
0.075210 25.642977
0.076385 25.624066
0.077561 25.604666
0.078736 25.584770
0.079911 25.564371
0.081086 25.543462
0.082261 25.522038
0.083436 25.500090
0.084612 25.477614
0.085787 25.454601
0.086962 25.431046
0.088137 25.406942
0.089312 25.382284
0.090487 25.357064
0.091663 25.331277
0.092838 25.304916
0.094013 25.277977
0.095188 25.250452
0.096363 25.222337
0.097538 25.193625
0.098714 25.164311
0.099889 25.134391
0.101064 25.103858
0.102239 25.072707
0.103414 25.040934
0.104589 25.008534
0.105764 24.975501
0.106940 24.941832
0.108115 24.907523
0.109290 24.872568
0.110465 24.836964
0.111640 24.800707
0.112815 24.763793
0.113991 24.726219
0.115166 24.687981
0.116341 24.649076
0.117516 24.609501
0.118691 24.569254
0.119867 24.528331
0.121042 24.486730
0.122217 24.444450
0.123392 24.401488
0.124567 24.357842
0.125742 24.313511
0.126917 24.268493
0.128093 24.222788
0.129268 24.176395
0.130443 24.129312
0.131618 24.081541
0.132793 24.033080
0.133968 23.983930
0.135144 23.934092
0.136319 23.883566
0.137494 23.832353
0.138669 23.780455
0.139844 23.727874
0.141019 23.674611
0.142195 23.620668
0.143370 23.566049
0.144545 23.510757
0.145720 23.454794
0.146895 23.398165
0.148070 23.340873
0.149246 23.282924
0.150421 23.224323
0.151596 23.165074
0.152771 23.105183
0.153946 23.044657
0.155121 22.983503
0.156297 22.921727
0.157472 22.859339
0.158647 22.796345
0.159822 22.732755
0.160997 22.668579
0.162172 22.603826
0.163347 22.538508
0.164523 22.472636
0.165698 22.406222
0.166873 22.339279
0.168048 22.271821
0.169223 22.203863
0.170398 22.135420
0.171574 22.066508
0.172749 21.997145
0.173924 21.927351
0.175099 21.857143
0.176274 21.786544
0.177449 21.715575
0.178624 21.644261
0.179800 21.572625
0.180975 21.500695
0.182150 21.428499
0.183325 21.356066
0.184500 21.283429
0.185675 21.210621
0.186851 21.137680
0.188026 21.064642
0.189201 20.991549
0.190376 20.918445
0.191551 20.845375
0.192726 20.772391
0.193902 20.699543
0.195077 20.626890
0.196252 20.554491
0.197427 20.482411
0.198602 20.410718
0.199777 20.339485
0.200953 20.268792
0.202128 20.198721
0.203303 20.129362
0.204478 20.060810
0.205653 19.993167
0.206828 19.926540
0.208004 19.861045
0.209179 19.796803
0.210354 19.733943
0.211529 19.672601
0.212704 19.612922
0.213879 19.555056
0.215055 19.499160
0.216230 19.445399
0.217405 19.393943
0.218580 19.344965
0.219755 19.298645
0.220930 19.255161
0.222106 19.214695
0.223281 19.177425
0.224456 19.143524
0.225631 19.113159
0.226806 19.086487
0.227981 19.063652
0.229157 19.044783
0.230332 19.029987
0.231507 19.019354
0.232682 19.012948
0.233857 19.010808

0.233857 39.509060
0.234536 39.508881
0.235214 39.508343
0.235893 39.507448
0.236571 39.506195
0.237250 39.504586
0.237928 39.502620
0.238606 39.500298
0.239285 39.497623
0.239963 39.494594
0.240642 39.491214
0.241320 39.487484
0.241999 39.483406
0.242677 39.478980
0.243356 39.474210
0.244034 39.469098
0.244713 39.463645
0.245391 39.457854
0.246070 39.451728
0.246748 39.445269
0.247427 39.438479
0.248105 39.431362
0.248784 39.423921
0.249462 39.416157
0.250141 39.408076
0.250819 39.399679
0.251498 39.390970
0.252176 39.381952
0.252854 39.372629
0.253533 39.363004
0.254211 39.353080
0.254890 39.342862
0.255568 39.332353
0.256247 39.321557
0.256925 39.310477
0.257604 39.299117
0.258282 39.287481
0.258961 39.275573
0.259639 39.263398
0.260318 39.250958
0.260996 39.238258
0.261675 39.225302
0.262353 39.212094
0.263032 39.198638
0.263710 39.184939
0.264389 39.171000
0.265067 39.156826
0.265746 39.142420
0.266424 39.127788
0.267103 39.112933
0.267781 39.097860
0.268460 39.082572
0.269138 39.067075
0.269817 39.051372
0.270495 39.035469
0.271174 39.019368
0.271852 39.003076
0.272530 38.986595
0.273209 38.969931
0.273887 38.953087
0.274566 38.936069
0.275244 38.918881
0.275923 38.901527
0.276601 38.884012
0.277280 38.866341
0.277958 38.848516
0.278637 38.830545
0.279315 38.812430
0.279994 38.794176
0.280672 38.775789
0.281351 38.757272
0.282029 38.738630
0.282708 38.719867
0.283386 38.700989
0.284065 38.682000
0.284743 38.662904
0.285421 38.643706
0.286100 38.624411
0.286778 38.605024
0.287457 38.585548
0.288135 38.565989
0.288814 38.546352
0.289492 38.526640
0.290171 38.506859
0.290849 38.487013
0.291528 38.467107
0.292206 38.447145
0.292885 38.427133
0.293563 38.407075
0.294242 38.386975
0.294920 38.366838
0.295599 38.346669
0.296277 38.326473
0.296956 38.306254
0.297634 38.286016
0.298313 38.265764
0.298991 38.245504
0.299670 38.225238
0.300348 38.204973
0.301026 38.184712
0.301705 38.164460
0.302384 38.144222
0.303062 38.124002
0.303741 38.103804
0.304419 38.083632
0.305097 38.063492
0.305776 38.043388
0.306454 38.023323
0.307133 38.003302
0.307811 37.983329
0.308490 37.963409
0.309168 37.943545
0.309847 37.923742
0.310525 37.904003
0.311204 37.884332
0.311882 37.864734
0.312561 37.845211
0.313239 37.825769
0.313918 37.806410
0.314596 37.787137
0.315275 37.767955
0.315953 37.748866
0.316632 37.729874
0.317310 37.710982
0.317989 37.692192
0.318667 37.673508
0.319346 37.654932
0.320024 37.636467
0.320702 37.618116
0.321381 37.599879
0.322059 37.581760
0.322738 37.563760
0.323416 37.545881
0.324095 37.528123
0.324773 37.510489
0.325452 37.492979
0.326130 37.475594
0.326809 37.458333
0.327487 37.441198
0.328166 37.424187
0.328844 37.407300
0.329523 37.390536
0.330201 37.373893
0.330880 37.357370
0.331558 37.340964
0.332237 37.324672
0.332915 37.308491
0.333593 37.292418
0.334272 37.276447
0.334950 37.260573
0.335629 37.244791
0.336307 37.229094
0.336986 37.213475
0.337664 37.197927
0.338343 37.182439
0.339021 37.167004
0.339700 37.151609
0.340378 37.136245
0.341057 37.120898
0.341735 37.105555
0.342414 37.090202
0.343092 37.074823
0.343771 37.059402
0.344449 37.043922
0.345128 37.028365
0.345806 37.012710
0.346485 36.996939
0.347163 36.981029
0.347842 36.964959
0.348520 36.948707
0.349199 36.932249
0.349877 36.915563
0.350556 36.898625
0.351234 36.881412
0.351913 36.863901
0.352591 36.846069
0.353269 36.827895
0.353948 36.809357
0.354626 36.790436
0.355305 36.771114
0.355983 36.751375
0.356662 36.731203
0.357340 36.710585
0.358019 36.689512
0.358697 36.667973
0.359376 36.645963
0.360054 36.623476
0.360733 36.600511
0.361411 36.577067
0.362090 36.553145
0.362768 36.528747
0.363447 36.503878
0.364125 36.478545
0.364804 36.452753
0.365482 36.426510
0.366160 36.399825
0.366839 36.372707
0.367517 36.345166
0.368196 36.317212
0.368874 36.288861

0.368874 36.288838
0.370231 36.230955
0.371588 36.171581
0.372945 36.110796
0.374302 36.048674
0.375659 35.985285
0.377016 35.920690
0.378373 35.854947
0.379730 35.788107
0.381087 35.720214
0.382444 35.651310
0.383801 35.581428
0.385158 35.510597
0.386515 35.438845
0.387872 35.366192
0.389229 35.292657
0.390586 35.218255
0.391943 35.142999
0.393300 35.066897
0.394657 34.989958
0.396014 34.912187
0.397371 34.833587
0.398728 34.754160
0.400085 34.673906
0.401441 34.592823
0.402798 34.510909
0.404155 34.428161
0.405512 34.344572
0.406869 34.260137
0.408226 34.174850
0.409583 34.088703
0.410940 34.001687
0.412297 33.913792
0.413654 33.825010
0.415011 33.735329
0.416368 33.644738
0.417725 33.553227
0.419082 33.460782
0.420439 33.367392
0.421796 33.273043
0.423153 33.177722
0.424510 33.081416
0.425867 32.984110
0.427224 32.885790
0.428581 32.786442
0.429938 32.686051
0.431295 32.584602
0.432652 32.482079
0.434008 32.378467
0.435365 32.273751
0.436722 32.167916
0.438079 32.060944
0.439436 31.952821
0.440793 31.843530
0.442150 31.733056
0.443507 31.621383
0.444864 31.508493
0.446221 31.394372
0.447578 31.279004
0.448935 31.162371
0.450292 31.044459
0.451649 30.925251
0.453006 30.804732
0.454363 30.682886
0.455720 30.559697
0.457077 30.435149
0.458434 30.309228
0.459791 30.181917
0.461148 30.053203
0.462504 29.923070
0.463861 29.791503
0.465218 29.658488
0.466575 29.524010
0.467932 29.388056
0.469289 29.250611
0.470646 29.111663
0.472003 28.971197
0.473360 28.829201
0.474717 28.685662
0.476074 28.540568
0.477431 28.393906
0.478788 28.245664
0.480145 28.095831
0.481502 27.944396
0.482859 27.791348
0.484216 27.636676
0.485573 27.480370
0.486930 27.322421
0.488287 27.162819
0.489644 27.001555
0.491001 26.838620
0.492358 26.674007
0.493715 26.507707
0.495071 26.339713
0.496428 26.170018
0.497785 25.998615
0.499142 25.825500
0.500499 25.650664
0.501856 25.474105
0.503213 25.295816
0.504570 25.115793
0.505927 24.934033
0.507284 24.750533
0.508641 24.565288
0.509998 24.378297
0.511355 24.189558
0.512712 23.999070
0.514069 23.806830
0.515426 23.612839
0.516783 23.417097
0.518140 23.219605
0.519497 23.020362
0.520854 22.819371
0.522211 22.616633
0.523568 22.412151
0.524925 22.205928
0.526282 21.997967
0.527639 21.788272
0.528995 21.576848
0.530353 21.363699
0.531709 21.148831
0.533066 20.932250
0.534423 20.713963
0.535780 20.493975
0.537137 20.272295
0.538494 20.048931
0.539851 19.823890
0.541208 19.597183
0.542565 19.368817
0.543922 19.138804
0.545279 18.907153
0.546636 18.673876
0.547993 18.438983
0.549350 18.202487
0.550707 17.964400
0.552064 17.724735
0.553421 17.483504
0.554778 17.240722
0.556135 16.996403
0.557492 16.750562
0.558849 16.503213
0.560206 16.254372
0.561562 16.004055
0.562919 15.752279
0.564276 15.499060
0.565633 15.244416
0.566990 14.988364
0.568347 14.730924
0.569704 14.472112
0.571061 14.211949
0.572418 13.950453
0.573775 13.687645
0.575132 13.423544
0.576489 13.158172
0.577846 12.891549
0.579203 12.623696
0.580560 12.354636
0.581917 12.084389
0.583274 11.812980
0.584631 11.540431
0.585988 11.266764
0.587345 10.992003
0.588702 10.716172
0.590059 10.439295
0.591416 10.161397
0.592773 9.882502
0.594129 9.602635
0.595486 9.321822
0.596843 9.040088
0.598200 8.757460
0.599557 8.473962
0.600914 8.189623
0.602271 7.904467
0.603628 7.618524
0.604985 7.331818
0.606342 7.044379
0.607699 6.756233
0.609056 6.467408
0.610413 6.177933
0.611770 5.887835
0.613127 5.597143
0.614484 5.305886
0.615841 5.014092
0.617198 4.721791
0.618555 4.429010
0.619912 4.135781
0.621269 3.842131
0.622626 3.548091
0.623983 3.253689
0.625340 2.958957
0.626696 2.663922
0.628053 2.368616
0.629410 2.073069
0.630767 1.777310
0.632124 1.481369
0.633481 1.185278
0.634838 0.889065
0.636195 0.592762
0.637552 0.296399
0.638909 0.002211


0.000000 46.052299
0.001175 46.052201
0.002350 46.051909
0.003525 46.051422
0.004701 46.050739
0.005876 46.049859
0.007051 46.048782
0.008226 46.047504
0.009401 46.046026
0.010577 46.044345
0.011752 46.042458
0.012927 46.040363
0.014102 46.038058
0.015277 46.035539
0.016452 46.032803
0.017627 46.029847
0.018803 46.026667
0.019978 46.023258
0.021153 46.019618
0.022328 46.015741
0.023503 46.011622
0.024678 46.007258
0.025854 46.002643
0.027029 45.997771
0.028204 45.992637
0.029379 45.987236
0.030554 45.981562
0.031729 45.975609
0.032905 45.969371
0.034080 45.962841
0.035255 45.956013
0.036430 45.948881
0.037605 45.941437
0.038780 45.933676
0.039955 45.925589
0.041131 45.917171
0.042306 45.908413
0.043481 45.899309
0.044656 45.889851
0.045831 45.880033
0.047006 45.869846
0.048182 45.859283
0.049357 45.848336
0.050532 45.836998
0.051707 45.825262
0.052882 45.813119
0.054057 45.800563
0.055233 45.787585
0.056408 45.774178
0.057583 45.760335
0.058758 45.746047
0.059933 45.731308
0.061108 45.716110
0.062284 45.700446
0.063459 45.684309
0.064634 45.667690
0.065809 45.650585
0.066984 45.632984
0.068159 45.614882
0.069334 45.596272
0.070510 45.577147
0.071685 45.557501
0.072860 45.537327
0.074035 45.516620
0.075210 45.495374
0.076385 45.473582
0.077561 45.451240
0.078736 45.428342
0.079911 45.404883
0.081086 45.380858
0.082261 45.356263
0.083436 45.331093
0.084612 45.305344
0.085787 45.279012
0.086962 45.252094
0.088137 45.224587
0.089312 45.196486
0.090487 45.167791
0.091663 45.138498
0.092838 45.108604
0.094013 45.078110
0.095188 45.047012
0.096363 45.015311
0.097538 44.983005
0.098714 44.950094
0.099889 44.916577
0.101064 44.882456
0.102239 44.847731
0.103414 44.812404
0.104589 44.776475
0.105764 44.739946
0.106940 44.702821
0.108115 44.665101
0.109290 44.626791
0.110465 44.587893
0.111640 44.548411
0.112815 44.508350
0.113991 44.467716
0.115166 44.426512
0.116341 44.384746
0.117516 44.342423
0.118691 44.299550
0.119867 44.256134
0.121042 44.212183
0.122217 44.167705
0.123392 44.122708
0.124567 44.077203
0.125742 44.031197
0.126917 43.984702
0.128093 43.937728
0.129268 43.890285
0.130443 43.842386
0.131618 43.794043
0.132793 43.745267
0.133968 43.696073
0.135144 43.646473
0.136319 43.596482
0.137494 43.546114
0.138669 43.495384
0.139844 43.444309
0.141019 43.392903
0.142195 43.341184
0.143370 43.289168
0.144545 43.236873
0.145720 43.184318
0.146895 43.131520
0.148070 43.078500
0.149246 43.025276
0.150421 42.971868
0.151596 42.918298
0.152771 42.864585
0.153946 42.810753
0.155121 42.756822
0.156297 42.702815
0.157472 42.648755
0.158647 42.594666
0.159822 42.540571
0.160997 42.486494
0.162172 42.432461
0.163347 42.378495
0.164523 42.324624
0.165698 42.270872
0.166873 42.217266
0.168048 42.163832
0.169223 42.110598
0.170398 42.057591
0.171574 42.004839
0.172749 41.952369
0.173924 41.900210
0.175099 41.848391
0.176274 41.796939
0.177449 41.745886
0.178624 41.695259
0.179800 41.645088
0.180975 41.595402
0.182150 41.546233
0.183325 41.497608
0.184500 41.449559
0.185675 41.402116
0.186851 41.355308
0.188026 41.309166
0.189201 41.263719
0.190376 41.218998
0.191551 41.175033
0.192726 41.131854
0.193902 41.089489
0.195077 41.047970
0.196252 41.007324
0.197427 40.967580
0.198602 40.928768
0.199777 40.890916
0.200953 40.854052
0.202128 40.818202
0.203303 40.783394
0.204478 40.749655
0.205653 40.717011
0.206828 40.685486
0.208004 40.655106
0.209179 40.625894
0.210354 40.597874
0.211529 40.571069
0.212704 40.545499
0.213879 40.521187
0.215055 40.498152
0.216230 40.476413
0.217405 40.455988
0.218580 40.436895
0.219755 40.419149
0.220930 40.402766
0.222106 40.387760
0.223281 40.374143
0.224456 40.361928
0.225631 40.351124
0.226806 40.341742
0.227981 40.333789
0.229157 40.327273
0.230332 40.322199
0.231507 40.318571
0.232682 40.316394
0.233857 40.315667

0.233857 40.315667
0.234536 40.315583
0.235214 40.315330
0.235893 40.314909
0.236571 40.314318
0.237250 40.313559
0.237928 40.312629
0.238606 40.311530
0.239285 40.310261
0.239963 40.308820
0.240642 40.307207
0.241320 40.305423
0.241999 40.303464
0.242677 40.301332
0.243356 40.299025
0.244034 40.296542
0.244713 40.293883
0.245391 40.291045
0.246070 40.288029
0.246748 40.284832
0.247427 40.281454
0.248105 40.277895
0.248784 40.274151
0.249462 40.270223
0.250141 40.266110
0.250819 40.261809
0.251498 40.257320
0.252176 40.252642
0.252854 40.247774
0.253533 40.242714
0.254211 40.237461
0.254890 40.232014
0.255568 40.226372
0.256247 40.220534
0.256925 40.214499
0.257604 40.208266
0.258282 40.201833
0.258961 40.195201
0.259639 40.188367
0.260318 40.181332
0.260996 40.174093
0.261675 40.166651
0.262353 40.159005
0.263032 40.151154
0.263710 40.143097
0.264389 40.134834
0.265067 40.126364
0.265746 40.117687
0.266424 40.108801
0.267103 40.099708
0.267781 40.090405
0.268460 40.080894
0.269138 40.071174
0.269817 40.061244
0.270495 40.051104
0.271174 40.040754
0.271852 40.030195
0.272530 40.019426
0.273209 40.008446
0.273887 39.997257
0.274566 39.985858
0.275244 39.974250
0.275923 39.962432
0.276601 39.950405
0.277280 39.938170
0.277958 39.925725
0.278637 39.913073
0.279315 39.900213
0.279994 39.887146
0.280672 39.873872
0.281351 39.860392
0.282029 39.846707
0.282708 39.832817
0.283386 39.818722
0.284065 39.804424
0.284743 39.789924
0.285421 39.775221
0.286100 39.760318
0.286778 39.745214
0.287457 39.729911
0.288135 39.714410
0.288814 39.698711
0.289492 39.682816
0.290171 39.666726
0.290849 39.650442
0.291528 39.633965
0.292206 39.617296
0.292885 39.600436
0.293563 39.583387
0.294242 39.566150
0.294920 39.548726
0.295599 39.531117
0.296277 39.513323
0.296956 39.495347
0.297634 39.477190
0.298313 39.458853
0.298991 39.440338
0.299670 39.421646
0.300348 39.402780
0.301026 39.383740
0.301705 39.364528
0.302384 39.345146
0.303062 39.325596
0.303741 39.305879
0.304419 39.285998
0.305097 39.265954
0.305776 39.245750
0.306454 39.225386
0.307133 39.204866
0.307811 39.184191
0.308490 39.163363
0.309168 39.142384
0.309847 39.121258
0.310525 39.099985
0.311204 39.078569
0.311882 39.057012
0.312561 39.035316
0.313239 39.013484
0.313918 38.991518
0.314596 38.969421
0.315275 38.947197
0.315953 38.924847
0.316632 38.902375
0.317310 38.879784
0.317989 38.857076
0.318667 38.834257
0.319346 38.811328
0.320024 38.788293
0.320702 38.765156
0.321381 38.741921
0.322059 38.718592
0.322738 38.695173
0.323416 38.671668
0.324095 38.648082
0.324773 38.624419
0.325452 38.600685
0.326130 38.576884
0.326809 38.553022
0.327487 38.529105
0.328166 38.505139
0.328844 38.481130
0.329523 38.457084
0.330201 38.433009
0.330880 38.408912
0.331558 38.384800
0.332237 38.360682
0.332915 38.336567
0.333593 38.312463
0.334272 38.288381
0.334950 38.264330
0.335629 38.240321
0.336307 38.216366
0.336986 38.192476
0.337664 38.168666
0.338343 38.144947
0.339021 38.121335
0.339700 38.097845
0.340378 38.074492
0.341057 38.051293
0.341735 38.028267
0.342414 38.005432
0.343092 37.982807
0.343771 37.960414
0.344449 37.938273
0.345128 37.916407
0.345806 37.894839
0.346485 37.873593
0.347163 37.852695
0.347842 37.832169
0.348520 37.812042
0.349199 37.792339
0.349877 37.773089
0.350556 37.754317
0.351234 37.736049
0.351913 37.718313
0.352591 37.701133
0.353269 37.684535
0.353948 37.668541
0.354626 37.653176
0.355305 37.638458
0.355983 37.624408
0.356662 37.611043
0.357340 37.598377
0.358019 37.586425
0.358697 37.575197
0.359376 37.564701
0.360054 37.554944
0.360733 37.545931
0.361411 37.537664
0.362090 37.530143
0.362768 37.523367
0.363447 37.517333
0.364125 37.512037
0.364804 37.507473
0.365482 37.503634
0.366160 37.500513
0.366839 37.498102
0.367517 37.496391
0.368196 37.495371
0.368874 37.495034

0.368874 36.288861
0.370231 36.349534
0.371588 36.417169
0.372945 36.491492
0.374302 36.572196
0.375659 36.658943
0.377016 36.751375
0.378373 36.849123
0.379730 36.951812
0.381087 37.059069
0.382444 37.170527
0.383801 37.285827
0.385158 37.404625
0.386515 37.526589
0.387872 37.651407
0.389229 37.778781
0.390586 37.908431
0.391943 38.040094
0.393300 38.173525
0.394657 38.308494
0.396014 38.444787
0.397371 38.582203
0.398728 38.720556
0.400085 38.859673
0.401441 38.999393
0.402798 39.139565
0.404155 39.280049
0.405512 39.420714
0.406869 39.561437
0.408226 39.702105
0.409583 39.842612
0.410940 39.982856
0.412297 40.122744
0.413654 40.262189
0.415011 40.401108
0.416368 40.539423
0.417725 40.677062
0.419082 40.813955
0.420439 40.950038
0.421796 41.085250
0.423153 41.219531
0.424510 41.352829
0.425867 41.485090
0.427224 41.616266
0.428581 41.746310
0.429938 41.875178
0.431295 42.002828
0.432652 42.129221
0.434008 42.254318
0.435365 42.378083
0.436722 42.500484
0.438079 42.621486
0.439436 42.741060
0.440793 42.859177
0.442150 42.975808
0.443507 43.090928
0.444864 43.204511
0.446221 43.316534
0.447578 43.426975
0.448935 43.535812
0.450292 43.643026
0.451649 43.748598
0.453006 43.852510
0.454363 43.954746
0.455720 44.055290
0.457077 44.154128
0.458434 44.251246
0.459791 44.346632
0.461148 44.440274
0.462504 44.532162
0.463861 44.622286
0.465218 44.710637
0.466575 44.797208
0.467932 44.881991
0.469289 44.964980
0.470646 45.046171
0.472003 45.125558
0.473360 45.203139
0.474717 45.278911
0.476074 45.352871
0.477431 45.425018
0.478788 45.495354
0.480145 45.563876
0.481502 45.630589
0.482859 45.695492
0.484216 45.758590
0.485573 45.819885
0.486930 45.879383
0.488287 45.937088
0.489644 45.993006
0.491001 46.047145
0.492358 46.099510
0.493715 46.150111
0.495071 46.198957
0.496428 46.246056
0.497785 46.291420
0.499142 46.335059
0.500499 46.376985
0.501856 46.417210
0.503213 46.455748
0.504570 46.492611
0.505927 46.527816
0.507284 46.561376
0.508641 46.593308
0.509998 46.623628
0.511355 46.652353
0.512712 46.679501
0.514069 46.705090
0.515426 46.729139
0.516783 46.751669
0.518140 46.772698
0.519497 46.792249
0.520854 46.810342
0.522211 46.826999
0.523568 46.842244
0.524925 46.856098
0.526282 46.868586
0.527639 46.879733
0.528995 46.889562
0.530353 46.898100
0.531709 46.905371
0.533066 46.911403
0.534423 46.916221
0.535780 46.919854
0.537137 46.922329
0.538494 46.923673
0.539851 46.923917
0.541208 46.923088
0.542565 46.921216
0.543922 46.918330
0.545279 46.914461
0.546636 46.909640
0.547993 46.903896
0.549350 46.897262
0.550707 46.889767
0.552064 46.881445
0.553421 46.872328
0.554778 46.862446
0.556135 46.851833
0.557492 46.840520
0.558849 46.828542
0.560206 46.815931
0.561562 46.802719
0.562919 46.788940
0.564276 46.774628
0.565633 46.759814
0.566990 46.744534
0.568347 46.728820
0.569704 46.712705
0.571061 46.696224
0.572418 46.679408
0.573775 46.662292
0.575132 46.644909
0.576489 46.627290
0.577846 46.609471
0.579203 46.591482
0.580560 46.573356
0.581917 46.555127
0.583274 46.536824
0.584631 46.518481
0.585988 46.500129
0.587345 46.481799
0.588702 46.463521
0.590059 46.445325
0.591416 46.427242
0.592773 46.409301
0.594129 46.391531
0.595486 46.373960
0.596843 46.356617
0.598200 46.339528
0.599557 46.322721
0.600914 46.306222
0.602271 46.290056
0.603628 46.274248
0.604985 46.258823
0.606342 46.243805
0.607699 46.229215
0.609056 46.215077
0.610413 46.201411
0.611770 46.188238
0.613127 46.175579
0.614484 46.163451
0.615841 46.151873
0.617198 46.140862
0.618555 46.130435
0.619912 46.120607
0.621269 46.111393
0.622626 46.102806
0.623983 46.094858
0.625340 46.087562
0.626696 46.080929
0.628053 46.074967
0.629410 46.069686
0.630767 46.065093
0.632124 46.061196
0.633481 46.057999
0.634838 46.055508
0.636195 46.053726
0.637552 46.052656
0.638909 46.052299


0.000000 46.052299
0.001175 46.052566
0.002350 46.053369
0.003525 46.054706
0.004701 46.056576
0.005876 46.058977
0.007051 46.061905
0.008226 46.065359
0.009401 46.069334
0.010577 46.073826
0.011752 46.078829
0.012927 46.084340
0.014102 46.090350
0.015277 46.096855
0.016452 46.103847
0.017627 46.111318
0.018803 46.119260
0.019978 46.127664
0.021153 46.136522
0.022328 46.145823
0.023503 46.155557
0.024678 46.165714
0.025854 46.176281
0.027029 46.187249
0.028204 46.198604
0.029379 46.210334
0.030554 46.222425
0.031729 46.234865
0.032905 46.247640
0.034080 46.260734
0.035255 46.274134
0.036430 46.287824
0.037605 46.301790
0.038780 46.316014
0.039955 46.330481
0.041131 46.345174
0.042306 46.360077
0.043481 46.375171
0.044656 46.390441
0.045831 46.405868
0.047006 46.421434
0.048182 46.437121
0.049357 46.452909
0.050532 46.468782
0.051707 46.484719
0.052882 46.500701
0.054057 46.516709
0.055233 46.532723
0.056408 46.548724
0.057583 46.564692
0.058758 46.580607
0.059933 46.596449
0.061108 46.612197
0.062284 46.627831
0.063459 46.643331
0.064634 46.658676
0.065809 46.673845
0.066984 46.688819
0.068159 46.703577
0.069334 46.718097
0.070510 46.732360
0.071685 46.746344
0.072860 46.760030
0.074035 46.773396
0.075210 46.786422
0.076385 46.799087
0.077561 46.811372
0.078736 46.823256
0.079911 46.834718
0.081086 46.845739
0.082261 46.856298
0.083436 46.866376
0.084612 46.875952
0.085787 46.885008
0.086962 46.893524
0.088137 46.901480
0.089312 46.908858
0.090487 46.915639
0.091663 46.921803
0.092838 46.927332
0.094013 46.932208
0.095188 46.936413
0.096363 46.939929
0.097538 46.942738
0.098714 46.944822
0.099889 46.946166
0.101064 46.946751
0.102239 46.946561
0.103414 46.945580
0.104589 46.943791
0.105764 46.941179
0.106940 46.937727
0.108115 46.933422
0.109290 46.928248
0.110465 46.922189
0.111640 46.915232
0.112815 46.907363
0.113991 46.898568
0.115166 46.888833
0.116341 46.878146
0.117516 46.866492
0.118691 46.853861
0.119867 46.840240
0.121042 46.825616
0.122217 46.809979
0.123392 46.793317
0.124567 46.775620
0.125742 46.756876
0.126917 46.737076
0.128093 46.716210
0.129268 46.694269
0.130443 46.671243
0.131618 46.647123
0.132793 46.621901
0.133968 46.595569
0.135144 46.568119
0.136319 46.539544
0.137494 46.509836
0.138669 46.478990
0.139844 46.446997
0.141019 46.413853
0.142195 46.379552
0.143370 46.344087
0.144545 46.307455
0.145720 46.269651
0.146895 46.230669
0.148070 46.190507
0.149246 46.149159
0.150421 46.106624
0.151596 46.062897
0.152771 46.017976
0.153946 45.971859
0.155121 45.924543
0.156297 45.876027
0.157472 45.826309
0.158647 45.775388
0.159822 45.723264
0.160997 45.669935
0.162172 45.615401
0.163347 45.559663
0.164523 45.502721
0.165698 45.444575
0.166873 45.385227
0.168048 45.324677
0.169223 45.262928
0.170398 45.199981
0.171574 45.135838
0.172749 45.070503
0.173924 45.003976
0.175099 44.936263
0.176274 44.867365
0.177449 44.797287
0.178624 44.726033
0.179800 44.653607
0.180975 44.580013
0.182150 44.505256
0.183325 44.429343
0.184500 44.352278
0.185675 44.274067
0.186851 44.194717
0.188026 44.114234
0.189201 44.032626
0.190376 43.949901
0.191551 43.866066
0.192726 43.781130
0.193902 43.695103
0.195077 43.607995
0.196252 43.519816
0.197427 43.430577
0.198602 43.340291
0.199777 43.248972
0.200953 43.156634
0.202128 43.063294
0.203303 42.968968
0.204478 42.873677
0.205653 42.777443
0.206828 42.680290
0.208004 42.582247
0.209179 42.483344
0.210354 42.383621
0.211529 42.283119
0.212704 42.181890
0.213879 42.079994
0.215055 41.977506
0.216230 41.874514
0.217405 41.771130
0.218580 41.667494
0.219755 41.563784
0.220930 41.460232
0.222106 41.357142
0.223281 41.254926
0.224456 41.154146
0.225631 41.055587
0.226806 40.960361
0.227981 40.870072
0.229157 40.787029
0.230332 40.714502
0.231507 40.656858
0.232682 40.619201
0.233857 40.606030

0.233857 40.606030
0.234536 40.605823
0.235214 40.605201
0.235893 40.604165
0.236571 40.602715
0.237250 40.600850
0.237928 40.598571
0.238606 40.595879
0.239285 40.592773
0.239963 40.589253
0.240642 40.585320
0.241320 40.580974
0.241999 40.576216
0.242677 40.571045
0.243356 40.565463
0.244034 40.559469
0.244713 40.553064
0.245391 40.546249
0.246070 40.539024
0.246748 40.531390
0.247427 40.523346
0.248105 40.514895
0.248784 40.506036
0.249462 40.496770
0.250141 40.487098
0.250819 40.477021
0.251498 40.466539
0.252176 40.455653
0.252854 40.444365
0.253533 40.432674
0.254211 40.420582
0.254890 40.408090
0.255568 40.395198
0.256247 40.381909
0.256925 40.368222
0.257604 40.354139
0.258282 40.339661
0.258961 40.324789
0.259639 40.309525
0.260318 40.293869
0.260996 40.277823
0.261675 40.261388
0.262353 40.244566
0.263032 40.227357
0.263710 40.209764
0.264389 40.191787
0.265067 40.173428
0.265746 40.154689
0.266424 40.135572
0.267103 40.116077
0.267781 40.096206
0.268460 40.075962
0.269138 40.055345
0.269817 40.034358
0.270495 40.013003
0.271174 39.991280
0.271852 39.969193
0.272530 39.946743
0.273209 39.923931
0.273887 39.900761
0.274566 39.877234
0.275244 39.853352
0.275923 39.829117
0.276601 39.804531
0.277280 39.779598
0.277958 39.754318
0.278637 39.728695
0.279315 39.702731
0.279994 39.676428
0.280672 39.649788
0.281351 39.622815
0.282029 39.595511
0.282708 39.567878
0.283386 39.539919
0.284065 39.511638
0.284743 39.483036
0.285421 39.454117
0.286100 39.424884
0.286778 39.395340
0.287457 39.365488
0.288135 39.335330
0.288814 39.304871
0.289492 39.274114
0.290171 39.243061
0.290849 39.211717
0.291528 39.180084
0.292206 39.148168
0.292885 39.115970
0.293563 39.083496
0.294242 39.050748
0.294920 39.017732
0.295599 38.984450
0.296277 38.950907
0.296956 38.917107
0.297634 38.883056
0.298313 38.848756
0.298991 38.814213
0.299670 38.779431
0.300348 38.744415
0.301026 38.709170
0.301705 38.673701
0.302384 38.638014
0.303062 38.602113
0.303741 38.566003
0.304419 38.529692
0.305097 38.493184
0.305776 38.456484
0.306454 38.419600
0.307133 38.382538
0.307811 38.345303
0.308490 38.307902
0.309168 38.270343
0.309847 38.232632
0.310525 38.194776
0.311204 38.156783
0.311882 38.118660
0.312561 38.080415
0.313239 38.042056
0.313918 38.003592
0.314596 37.965031
0.315275 37.926382
0.315953 37.887654
0.316632 37.848857
0.317310 37.809999
0.317989 37.771093
0.318667 37.732147
0.319346 37.693172
0.320024 37.654181
0.320702 37.615183
0.321381 37.576192
0.322059 37.537220
0.322738 37.498279
0.323416 37.459382
0.324095 37.420544
0.324773 37.381779
0.325452 37.343100
0.326130 37.304525
0.326809 37.266068
0.327487 37.227746
0.328166 37.189576
0.328844 37.151575
0.329523 37.113763
0.330201 37.076158
0.330880 37.038780
0.331558 37.001650
0.332237 36.964788
0.332915 36.928218
0.333593 36.891962
0.334272 36.856043
0.334950 36.820488
0.335629 36.785320
0.336307 36.750568
0.336986 36.716259
0.337664 36.682420
0.338343 36.649083
0.339021 36.616277
0.339700 36.584035
0.340378 36.552389
0.341057 36.521373
0.341735 36.491022
0.342414 36.461373
0.343092 36.432463
0.343771 36.404329
0.344449 36.377013
0.345128 36.350553
0.345806 36.324991
0.346485 36.300370
0.347163 36.276733
0.347842 36.254125
0.348520 36.232589
0.349199 36.212171
0.349877 36.192918
0.350556 36.174875
0.351234 36.158089
0.351913 36.142606
0.352591 36.128473
0.353269 36.115736
0.353948 36.104439
0.354626 36.094629
0.355305 36.086347
0.355983 36.079637
0.356662 36.074539
0.357340 36.071091
0.358019 36.069332
0.358697 36.069294
0.359376 36.071009
0.360054 36.074507
0.360733 36.079813
0.361411 36.086949
0.362090 36.095934
0.362768 36.106783
0.363447 36.119508
0.364125 36.134115
0.364804 36.150608
0.365482 36.168986
0.366160 36.189244
0.366839 36.211374
0.367517 36.235362
0.368196 36.261192
0.368874 36.288838

0.368874 37.495034
0.370231 37.496365
0.371588 37.500304
0.372945 37.506773
0.374302 37.515697
0.375659 37.527002
0.377016 37.540621
0.378373 37.556490
0.379730 37.574550
0.381087 37.594745
0.382444 37.617024
0.383801 37.641337
0.385158 37.667641
0.386515 37.695890
0.387872 37.726046
0.389229 37.758068
0.390586 37.791920
0.391943 37.827566
0.393300 37.864969
0.394657 37.904096
0.396014 37.944913
0.397371 37.987386
0.398728 38.031483
0.400085 38.077170
0.401441 38.124413
0.402798 38.173182
0.404155 38.223441
0.405512 38.275158
0.406869 38.328299
0.408226 38.382831
0.409583 38.438719
0.410940 38.495929
0.412297 38.554427
0.413654 38.614177
0.415011 38.675144
0.416368 38.737292
0.417725 38.800586
0.419082 38.864988
0.420439 38.930463
0.421796 38.996974
0.423153 39.064484
0.424510 39.132954
0.425867 39.202348
0.427224 39.272627
0.428581 39.343754
0.429938 39.415691
0.431295 39.488399
0.432652 39.561840
0.434008 39.635976
0.435365 39.710768
0.436722 39.786177
0.438079 39.862165
0.439436 39.938695
0.440793 40.015726
0.442150 40.093222
0.443507 40.171144
0.444864 40.249454
0.446221 40.328114
0.447578 40.407088
0.448935 40.486336
0.450292 40.565823
0.451649 40.645511
0.453006 40.725365
0.454363 40.805347
0.455720 40.885422
0.457077 40.965556
0.458434 41.045712
0.459791 41.125856
0.461148 41.205953
0.462504 41.285972
0.463861 41.365877
0.465218 41.445637
0.466575 41.525219
0.467932 41.604592
0.469289 41.683724
0.470646 41.762586
0.472003 41.841146
0.473360 41.919377
0.474717 41.997248
0.476074 42.074733
0.477431 42.151803
0.478788 42.228432
0.480145 42.304594
0.481502 42.380263
0.482859 42.455415
0.484216 42.530025
0.485573 42.604070
0.486930 42.677528
0.488287 42.750376
0.489644 42.822592
0.491001 42.894158
0.492358 42.965052
0.493715 43.035256
0.495071 43.104752
0.496428 43.173521
0.497785 43.241546
0.499142 43.308813
0.500499 43.375305
0.501856 43.441007
0.503213 43.505906
0.504570 43.569988
0.505927 43.633242
0.507284 43.695655
0.508641 43.757216
0.509998 43.817915
0.511355 43.877743
0.512712 43.936690
0.514069 43.994749
0.515426 44.051913
0.516783 44.108173
0.518140 44.163526
0.519497 44.217964
0.520854 44.271485
0.522211 44.324082
0.523568 44.375755
0.524925 44.426499
0.526282 44.476313
0.527639 44.525195
0.528995 44.573145
0.530353 44.620163
0.531709 44.666250
0.533066 44.711406
0.534423 44.755632
0.535780 44.798933
0.537137 44.841310
0.538494 44.882766
0.539851 44.923306
0.541208 44.962935
0.542565 45.001656
0.543922 45.039476
0.545279 45.076401
0.546636 45.112437
0.547993 45.147591
0.549350 45.181870
0.550707 45.215282
0.552064 45.247836
0.553421 45.279539
0.554778 45.310401
0.556135 45.340431
0.557492 45.369638
0.558849 45.398033
0.560206 45.425626
0.561562 45.452427
0.562919 45.478447
0.564276 45.503698
0.565633 45.528190
0.566990 45.551936
0.568347 45.574946
0.569704 45.597233
0.571061 45.618809
0.572418 45.639686
0.573775 45.659877
0.575132 45.679394
0.576489 45.698249
0.577846 45.716456
0.579203 45.734027
0.580560 45.750975
0.581917 45.767312
0.583274 45.783052
0.584631 45.798207
0.585988 45.812789
0.587345 45.826813
0.588702 45.840290
0.590059 45.853233
0.591416 45.865654
0.592773 45.877565
0.594129 45.888980
0.595486 45.899909
0.596843 45.910366
0.598200 45.920360
0.599557 45.929905
0.600914 45.939011
0.602271 45.947690
0.603628 45.955952
0.604985 45.963807
0.606342 45.971267
0.607699 45.978341
0.609056 45.985038
0.610413 45.991369
0.611770 45.997342
0.613127 46.002966
0.614484 46.008249
0.615841 46.013199
0.617198 46.017825
0.618555 46.022132
0.619912 46.026129
0.621269 46.029822
0.622626 46.033216
0.623983 46.036318
0.625340 46.039132
0.626696 46.041663
0.628053 46.043917
0.629410 46.045895
0.630767 46.047603
0.632124 46.049043
0.633481 46.050218
0.634838 46.051130
0.636195 46.051779
0.637552 46.052169
0.638909 46.052299



