# distance  frequency (bands are separated by blank lines)
# End points of segments: 
#   0.00000000 0.23385710 0.36887460 0.63890950 
0.000000 -0.002211
0.001175 0.144356
0.002350 0.288730
0.003525 0.433082
0.004701 0.577409
0.005876 0.721703
0.007051 0.865956
0.008226 1.010161
0.009401 1.154310
0.010577 1.298394
0.011752 1.442406
0.012927 1.586338
0.014102 1.730181
0.015277 1.873928
0.016452 2.017570
0.017627 2.161100
0.018803 2.304510
0.019978 2.447791
0.021153 2.590935
0.022328 2.733935
0.023503 2.876782
0.024678 3.019469
0.025854 3.161987
0.027029 3.304328
0.028204 3.446484
0.029379 3.588448
0.030554 3.730211
0.031729 3.871765
0.032905 4.013102
0.034080 4.154214
0.035255 4.295093
0.036430 4.435732
0.037605 4.576121
0.038780 4.716254
0.039955 4.856121
0.041131 4.995716
0.042306 5.135029
0.043481 5.274054
0.044656 5.412781
0.045831 5.551203
0.047006 5.689313
0.048182 5.827101
0.049357 5.964560
0.050532 6.101682
0.051707 6.238458
0.052882 6.374882
0.054057 6.510945
0.055233 6.646638
0.056408 6.781954
0.057583 6.916886
0.058758 7.051424
0.059933 7.185561
0.061108 7.319290
0.062284 7.452601
0.063459 7.585488
0.064634 7.717941
0.065809 7.849954
0.066984 7.981518
0.068159 8.112626
0.069334 8.243268
0.070510 8.373439
0.071685 8.503128
0.072860 8.632330
0.074035 8.761035
0.075210 8.889236
0.076385 9.016925
0.077561 9.144095
0.078736 9.270736
0.079911 9.396842
0.081086 9.522405
0.082261 9.647416
0.083436 9.771868
0.084612 9.895753
0.085787 10.019064
0.086962 10.141792
0.088137 10.263930
0.089312 10.385470
0.090487 10.506405
0.091663 10.626726
0.092838 10.746426
0.094013 10.865497
0.095188 10.983931
0.096363 11.101722
0.097538 11.218861
0.098714 11.335340
0.099889 11.451152
0.101064 11.566290
0.102239 11.680746
0.103414 11.794512
0.104589 11.907580
0.105764 12.019945
0.106940 12.131597
0.108115 12.242529
0.109290 12.352734
0.110465 12.462205
0.111640 12.570935
0.112815 12.678915
0.113991 12.786138
0.115166 12.892598
0.116341 12.998287
0.117516 13.103198
0.118691 13.207323
0.119867 13.310656
0.121042 13.413189
0.122217 13.514915
0.123392 13.615827
0.124567 13.715918
0.125742 13.815181
0.126917 13.913609
0.128093 14.011195
0.129268 14.107932
0.130443 14.203814
0.131618 14.298833
0.132793 14.392983
0.133968 14.486257
0.135144 14.578649
0.136319 14.670151
0.137494 14.760757
0.138669 14.850460
0.139844 14.939254
0.141019 15.027133
0.142195 15.114090
0.143370 15.200118
0.144545 15.285212
0.145720 15.369365
0.146895 15.452571
0.148070 15.534823
0.149246 15.616115
0.150421 15.696442
0.151596 15.775798
0.152771 15.854175
0.153946 15.931570
0.155121 16.007974
0.156297 16.083384
0.157472 16.157793
0.158647 16.231195
0.159822 16.303585
0.160997 16.374957
0.162172 16.445306
0.163347 16.514626
0.164523 16.582913
0.165698 16.650159
0.166873 16.716362
0.168048 16.781514
0.169223 16.845612
0.170398 16.908649
0.171574 16.970622
0.172749 17.031526
0.173924 17.091354
0.175099 17.150104
0.176274 17.207769
0.177449 17.264346
0.178624 17.319830
0.179800 17.374216
0.180975 17.427501
0.182150 17.479679
0.183325 17.530748
0.184500 17.580701
0.185675 17.629537
0.186851 17.677249
0.188026 17.723836
0.189201 17.769292
0.190376 17.813615
0.191551 17.856800
0.192726 17.898844
0.193902 17.939744
0.195077 17.979496
0.196252 18.018097
0.197427 18.055544
0.198602 18.091833
0.199777 18.126962
0.200953 18.160928
0.202128 18.193728
0.203303 18.225359
0.204478 18.255818
0.205653 18.285104
0.206828 18.313213
0.208004 18.340144
0.209179 18.365893
0.210354 18.390460
0.211529 18.413841
0.212704 18.436035
0.213879 18.457040
0.215055 18.476855
0.216230 18.495476
0.217405 18.512904
0.218580 18.529136
0.219755 18.544172
0.220930 18.558009
0.222106 18.570647
0.223281 18.582084
0.224456 18.592320
0.225631 18.601354
0.226806 18.609185
0.227981 18.615813
0.229157 18.621236
0.230332 18.625454
0.231507 18.628468
0.232682 18.630276
0.233857 18.630879

0.233857 14.052676
0.234536 14.052731
0.235214 14.052895
0.235893 14.053167
0.236571 14.053549
0.237250 14.054040
0.237928 14.054641
0.238606 14.055350
0.239285 14.056169
0.239963 14.057097
0.240642 14.058134
0.241320 14.059281
0.241999 14.060537
0.242677 14.061903
0.243356 14.063378
0.244034 14.064963
0.244713 14.066657
0.245391 14.068462
0.246070 14.070376
0.246748 14.072400
0.247427 14.074534
0.248105 14.076778
0.248784 14.079133
0.249462 14.081598
0.250141 14.084173
0.250819 14.086859
0.251498 14.089656
0.252176 14.092563
0.252854 14.095582
0.253533 14.098712
0.254211 14.101952
0.254890 14.105305
0.255568 14.108769
0.256247 14.112344
0.256925 14.116032
0.257604 14.119831
0.258282 14.123743
0.258961 14.127767
0.259639 14.131903
0.260318 14.136153
0.260996 14.140515
0.261675 14.144990
0.262353 14.149579
0.263032 14.154281
0.263710 14.159096
0.264389 14.164026
0.265067 14.169070
0.265746 14.174228
0.266424 14.179500
0.267103 14.184887
0.267781 14.190389
0.268460 14.196006
0.269138 14.201739
0.269817 14.207587
0.270495 14.213551
0.271174 14.219631
0.271852 14.225828
0.272531 14.232140
0.273209 14.238570
0.273887 14.245117
0.274566 14.251780
0.275244 14.258562
0.275923 14.265461
0.276601 14.272478
0.277280 14.279613
0.277958 14.286867
0.278637 14.294239
0.279315 14.301731
0.279994 14.309341
0.280672 14.317072
0.281351 14.324921
0.282029 14.332891
0.282708 14.340982
0.283386 14.349192
0.284065 14.357524
0.284743 14.365976
0.285422 14.374550
0.286100 14.383246
0.286778 14.392063
0.287457 14.401002
0.288135 14.410064
0.288814 14.419248
0.289492 14.428555
0.290171 14.437986
0.290849 14.447539
0.291528 14.457217
0.292206 14.467018
0.292885 14.476944
0.293563 14.486993
0.294242 14.497168
0.294920 14.507468
0.295599 14.517892
0.296277 14.528442
0.296956 14.539118
0.297634 14.549920
0.298313 14.560848
0.298991 14.571902
0.299670 14.583083
0.300348 14.594391
0.301027 14.605826
0.301705 14.617389
0.302384 14.629079
0.303062 14.640897
0.303741 14.652842
0.304419 14.664917
0.305098 14.677119
0.305776 14.689451
0.306454 14.701911
0.307133 14.714501
0.307811 14.727220
0.308490 14.740068
0.309168 14.753046
0.309847 14.766155
0.310525 14.779393
0.311204 14.792762
0.311882 14.806261
0.312561 14.819891
0.313239 14.833651
0.313918 14.847543
0.314596 14.861566
0.315275 14.875720
0.315953 14.890006
0.316632 14.904424
0.317310 14.918973
0.317989 14.933654
0.318667 14.948467
0.319346 14.963413
0.320024 14.978491
0.320703 14.993701
0.321381 15.009044
0.322059 15.024520
0.322738 15.040128
0.323416 15.055869
0.324095 15.071744
0.324773 15.087751
0.325452 15.103891
0.326130 15.120165
0.326809 15.136572
0.327487 15.153112
0.328166 15.169785
0.328844 15.186592
0.329523 15.203532
0.330201 15.220606
0.330880 15.237813
0.331558 15.255154
0.332237 15.272628
0.332915 15.290236
0.333594 15.307977
0.334272 15.325852
0.334951 15.343860
0.335629 15.362002
0.336307 15.380277
0.336986 15.398686
0.337664 15.417228
0.338343 15.435903
0.339021 15.454711
0.339700 15.473652
0.340378 15.492727
0.341057 15.511934
0.341735 15.531274
0.342414 15.550747
0.343092 15.570352
0.343771 15.590090
0.344449 15.609961
0.345128 15.629963
0.345806 15.650098
0.346485 15.670365
0.347163 15.690763
0.347842 15.711293
0.348520 15.731954
0.349199 15.752746
0.349877 15.773670
0.350556 15.794724
0.351234 15.815909
0.351913 15.837224
0.352591 15.858669
0.353270 15.880245
0.353948 15.901949
0.354627 15.923783
0.355305 15.945747
0.355984 15.967839
0.356662 15.990059
0.357340 16.012408
0.358019 16.034884
0.358697 16.057489
0.359376 16.080220
0.360054 16.103079
0.360733 16.126064
0.361411 16.149175
0.362090 16.172412
0.362768 16.195775
0.363447 16.219263
0.364125 16.242876
0.364804 16.266613
0.365482 16.290474
0.366161 16.314458
0.366839 16.338566
0.367518 16.362796
0.368196 16.387149
0.368875 16.411623

0.368875 16.411623
0.370231 16.362326
0.371588 16.312575
0.372945 16.262372
0.374302 16.211719
0.375659 16.160615
0.377016 16.109064
0.378373 16.057065
0.379730 16.004620
0.381087 15.951730
0.382444 15.898398
0.383801 15.844623
0.385158 15.790407
0.386515 15.735752
0.387872 15.680659
0.389229 15.625130
0.390586 15.569165
0.391943 15.512766
0.393300 15.455934
0.394657 15.398671
0.396014 15.340979
0.397371 15.282858
0.398728 15.224310
0.400085 15.165337
0.401442 15.105940
0.402799 15.046121
0.404156 14.985881
0.405512 14.925221
0.406869 14.864143
0.408226 14.802649
0.409583 14.740740
0.410940 14.678418
0.412297 14.615684
0.413654 14.552539
0.415011 14.488987
0.416368 14.425027
0.417725 14.360662
0.419082 14.295893
0.420439 14.230723
0.421796 14.165152
0.423153 14.099182
0.424510 14.032815
0.425867 13.966053
0.427224 13.898897
0.428581 13.831350
0.429938 13.763412
0.431295 13.695086
0.432652 13.626373
0.434009 13.557275
0.435366 13.487795
0.436723 13.417933
0.438080 13.347691
0.439437 13.277072
0.440793 13.206077
0.442150 13.134708
0.443507 13.062967
0.444864 12.990856
0.446221 12.918376
0.447578 12.845530
0.448935 12.772320
0.450292 12.698747
0.451649 12.624813
0.453006 12.550520
0.454363 12.475871
0.455720 12.400867
0.457077 12.325510
0.458434 12.249802
0.459791 12.173746
0.461148 12.097342
0.462505 12.020594
0.463862 11.943503
0.465219 11.866072
0.466576 11.788302
0.467933 11.710195
0.469290 11.631754
0.470647 11.552981
0.472004 11.473878
0.473361 11.394446
0.474717 11.314689
0.476074 11.234607
0.477431 11.154204
0.478788 11.073482
0.480145 10.992442
0.481502 10.911088
0.482859 10.829420
0.484216 10.747442
0.485573 10.665155
0.486930 10.582563
0.488287 10.499666
0.489644 10.416468
0.491001 10.332970
0.492358 10.249175
0.493715 10.165086
0.495072 10.080704
0.496429 9.996031
0.497786 9.911071
0.499143 9.825826
0.500500 9.740297
0.501857 9.654487
0.503214 9.568400
0.504571 9.482036
0.505927 9.395398
0.507284 9.308489
0.508641 9.221311
0.509998 9.133867
0.511355 9.046159
0.512712 8.958190
0.514069 8.869961
0.515426 8.781476
0.516783 8.692736
0.518140 8.603745
0.519497 8.514505
0.520854 8.425018
0.522211 8.335287
0.523568 8.245315
0.524925 8.155103
0.526282 8.064655
0.527639 7.973973
0.528996 7.883059
0.530353 7.791916
0.531710 7.700547
0.533067 7.608955
0.534424 7.517141
0.535781 7.425109
0.537138 7.332861
0.538494 7.240399
0.539852 7.147727
0.541208 7.054847
0.542565 6.961761
0.543922 6.868473
0.545279 6.774985
0.546636 6.681299
0.547993 6.587419
0.549350 6.493346
0.550707 6.399084
0.552064 6.304636
0.553421 6.210003
0.554778 6.115190
0.556135 6.020198
0.557492 5.925030
0.558849 5.829689
0.560206 5.734178
0.561563 5.638499
0.562920 5.542655
0.564277 5.446650
0.565634 5.350485
0.566991 5.254164
0.568348 5.157689
0.569705 5.061063
0.571061 4.964289
0.572419 4.867370
0.573775 4.770308
0.575132 4.673106
0.576489 4.575768
0.577846 4.478296
0.579203 4.380692
0.580560 4.282960
0.581917 4.185103
0.583274 4.087123
0.584631 3.989023
0.585988 3.890806
0.587345 3.792475
0.588702 3.694033
0.590059 3.595482
0.591416 3.496826
0.592773 3.398067
0.594130 3.299209
0.595487 3.200253
0.596844 3.101204
0.598201 3.002064
0.599558 2.902835
0.600915 2.803521
0.602272 2.704125
0.603629 2.604650
0.604985 2.505098
0.606343 2.405472
0.607699 2.305776
0.609056 2.206012
0.610413 2.106183
0.611770 2.006292
0.613127 1.906342
0.614484 1.806336
0.615841 1.706277
0.617198 1.606168
0.618555 1.506012
0.619912 1.405811
0.621269 1.305569
0.622626 1.205289
0.623983 1.104973
0.625340 1.004625
0.626697 0.904247
0.628054 0.803843
0.629411 0.703415
0.630768 0.602967
0.632125 0.502501
0.633482 0.402021
0.634839 0.301529
0.636196 0.201031
0.637552 0.100535
0.638910 0.002211


0.000000 -0.002211
0.001175 0.264897
0.002350 0.529798
0.003525 0.794677
0.004701 1.059524
0.005876 1.324332
0.007051 1.589089
0.008226 1.853787
0.009401 2.118416
0.010577 2.382964
0.011752 2.647424
0.012927 2.911783
0.014102 3.176034
0.015277 3.440165
0.016452 3.704166
0.017627 3.968029
0.018803 4.231742
0.019978 4.495295
0.021153 4.758680
0.022328 5.021885
0.023503 5.284901
0.024678 5.547718
0.025854 5.810326
0.027029 6.072714
0.028204 6.334874
0.029379 6.596793
0.030554 6.858464
0.031729 7.119875
0.032905 7.381017
0.034080 7.641879
0.035255 7.902452
0.036430 8.162725
0.037605 8.422688
0.038780 8.682332
0.039955 8.941646
0.041131 9.200619
0.042306 9.459243
0.043481 9.717507
0.044656 9.975400
0.045831 10.232913
0.047006 10.490036
0.048182 10.746757
0.049357 11.003068
0.050532 11.258958
0.051707 11.514417
0.052882 11.769434
0.054057 12.024001
0.055233 12.278105
0.056408 12.531738
0.057583 12.784888
0.058758 13.037547
0.059933 13.289703
0.061108 13.541347
0.062284 13.792468
0.063459 14.043056
0.064634 14.293101
0.065809 14.542593
0.066984 14.791521
0.068159 15.039876
0.069334 15.287646
0.070510 15.534823
0.071685 15.781395
0.072860 16.027353
0.074035 16.272687
0.075210 16.517386
0.076385 16.761439
0.077561 17.004838
0.078736 17.247571
0.079911 17.489629
0.081086 17.731002
0.082261 17.971679
0.083436 18.211650
0.084612 18.450905
0.085787 18.689434
0.086962 18.927227
0.088137 19.164274
0.089312 19.400564
0.090487 19.636089
0.091663 19.870837
0.092838 20.104799
0.094013 20.337964
0.095188 20.570324
0.096363 20.801867
0.097538 21.032584
0.098714 21.262465
0.099889 21.491500
0.101064 21.719680
0.102239 21.946993
0.103414 22.173432
0.104589 22.398985
0.105764 22.623644
0.106940 22.847398
0.108115 23.070237
0.109290 23.292153
0.110465 23.513135
0.111640 23.733174
0.112815 23.952261
0.113991 24.170385
0.115166 24.387538
0.116341 24.603709
0.117516 24.818890
0.118691 25.033072
0.119867 25.246244
0.121042 25.458398
0.122217 25.669524
0.123392 25.879614
0.124567 26.088658
0.125742 26.296647
0.126917 26.503572
0.128093 26.709424
0.129268 26.914194
0.130443 27.117874
0.131618 27.320454
0.132793 27.521926
0.133968 27.722281
0.135144 27.921511
0.136319 28.119607
0.137494 28.316560
0.138669 28.512362
0.139844 28.707004
0.141019 28.900479
0.142195 29.092778
0.143370 29.283892
0.144545 29.473815
0.145720 29.662537
0.146895 29.850050
0.148070 30.036348
0.149246 30.221421
0.150421 30.405263
0.151596 30.587865
0.152771 30.769220
0.153946 30.949320
0.155121 31.128158
0.156297 31.305727
0.157472 31.482019
0.158647 31.657027
0.159822 31.830743
0.160997 32.003162
0.162172 32.174275
0.163347 32.344076
0.164523 32.512559
0.165698 32.679715
0.166873 32.845540
0.168048 33.010025
0.169223 33.173166
0.170398 33.334954
0.171574 33.495385
0.172749 33.654451
0.173924 33.812147
0.175099 33.968467
0.176274 34.123404
0.177449 34.276953
0.178624 34.429108
0.179800 34.579863
0.180975 34.729213
0.182150 34.877152
0.183325 35.023675
0.184500 35.168775
0.185675 35.312449
0.186851 35.454690
0.188026 35.595493
0.189201 35.734854
0.190376 35.872766
0.191551 36.009226
0.192726 36.144227
0.193902 36.277765
0.195077 36.409835
0.196252 36.540431
0.197427 36.669549
0.198602 36.797183
0.199777 36.923329
0.200953 37.047980
0.202128 37.171130
0.203303 37.292776
0.204478 37.412909
0.205653 37.531523
0.206828 37.648612
0.208004 37.764167
0.209179 37.878180
0.210354 37.990642
0.211529 38.101540
0.212704 38.210862
0.213879 38.318593
0.215055 38.424715
0.216230 38.529204
0.217405 38.632032
0.218580 38.733163
0.219755 38.832551
0.220930 38.930132
0.222106 39.025821
0.223281 39.119497
0.224456 39.210988
0.225631 39.300032
0.226806 39.386222
0.227981 39.468894
0.229157 39.546902
0.230332 39.618169
0.231507 39.678815
0.232682 39.721916
0.233857 39.738020

0.233857 18.630879
0.234536 18.631522
0.235214 18.633452
0.235893 18.636667
0.236571 18.641168
0.237250 18.646952
0.237928 18.654017
0.238606 18.662361
0.239285 18.671982
0.239963 18.682877
0.240642 18.695041
0.241320 18.708471
0.241999 18.723164
0.242677 18.739113
0.243356 18.756314
0.244034 18.774762
0.244713 18.794451
0.245391 18.815374
0.246070 18.837526
0.246748 18.860898
0.247427 18.885485
0.248105 18.911277
0.248784 18.938268
0.249462 18.966449
0.250141 18.995812
0.250819 19.026347
0.251498 19.058045
0.252176 19.090897
0.252854 19.124894
0.253533 19.160024
0.254211 19.196277
0.254890 19.233644
0.255568 19.272112
0.256247 19.311672
0.256925 19.352310
0.257604 19.394017
0.258282 19.436779
0.258961 19.480586
0.259639 19.525424
0.260318 19.571281
0.260996 19.618145
0.261675 19.666002
0.262353 19.714840
0.263032 19.764645
0.263710 19.815405
0.264389 19.867105
0.265067 19.919732
0.265746 19.973272
0.266424 20.027712
0.267103 20.083037
0.267781 20.139233
0.268460 20.196286
0.269138 20.254182
0.269817 20.312905
0.270495 20.372443
0.271174 20.432779
0.271852 20.493900
0.272531 20.555791
0.273209 20.618436
0.273887 20.681821
0.274566 20.745932
0.275244 20.810753
0.275923 20.876269
0.276601 20.942465
0.277280 21.009326
0.277958 21.076837
0.278637 21.144983
0.279315 21.213749
0.279994 21.283119
0.280672 21.353079
0.281351 21.423613
0.282029 21.494706
0.282708 21.566343
0.283386 21.638509
0.284065 21.711188
0.284743 21.784365
0.285422 21.858026
0.286100 21.932154
0.286778 22.006735
0.287457 22.081753
0.288135 22.157194
0.288814 22.233042
0.289492 22.309282
0.290171 22.385898
0.290849 22.462876
0.291528 22.540201
0.292206 22.617856
0.292885 22.695828
0.293563 22.774101
0.294242 22.852659
0.294920 22.931488
0.295599 23.010573
0.296277 23.089898
0.296956 23.169448
0.297634 23.249208
0.298313 23.329162
0.298991 23.409297
0.299670 23.489595
0.300348 23.570043
0.301027 23.650624
0.301705 23.731324
0.302384 23.812128
0.303062 23.893019
0.303741 23.973982
0.304419 24.055003
0.305098 24.136065
0.305776 24.217153
0.306454 24.298252
0.307133 24.379345
0.307811 24.460418
0.308490 24.541454
0.309168 24.622437
0.309847 24.703351
0.310525 24.784181
0.311204 24.864910
0.311882 24.945523
0.312561 25.026002
0.313239 25.106331
0.313918 25.186494
0.314596 25.266473
0.315275 25.346253
0.315953 25.425816
0.316632 25.505145
0.317310 25.584222
0.317989 25.663031
0.318667 25.741553
0.319346 25.819771
0.320024 25.897667
0.320703 25.975223
0.321381 26.052419
0.322059 26.129238
0.322738 26.205661
0.323416 26.281669
0.324095 26.357243
0.324773 26.432362
0.325452 26.507008
0.326130 26.581160
0.326809 26.654798
0.327487 26.727903
0.328166 26.800452
0.328844 26.872424
0.329523 26.943800
0.330201 27.014557
0.330880 27.084673
0.331558 27.154127
0.332237 27.222896
0.332915 27.290957
0.333594 27.358288
0.334272 27.424865
0.334951 27.490666
0.335629 27.555666
0.336307 27.619843
0.336986 27.683171
0.337664 27.745627
0.338343 27.807186
0.339021 27.867824
0.339700 27.927516
0.340378 27.986237
0.341057 28.043963
0.341735 28.100668
0.342414 28.156328
0.343092 28.210917
0.343771 28.264411
0.344449 28.316785
0.345128 28.368014
0.345806 28.418074
0.346485 28.466940
0.347163 28.514588
0.347842 28.560996
0.348520 28.606139
0.349199 28.649995
0.349877 28.692541
0.350556 28.733756
0.351234 28.773619
0.351913 28.812110
0.352591 28.849208
0.353270 28.884896
0.353948 28.919155
0.354627 28.951968
0.355305 28.983320
0.355984 29.013197
0.356662 29.041583
0.357340 29.068468
0.358019 29.093839
0.358697 29.117687
0.359376 29.140004
0.360054 29.160781
0.360733 29.180014
0.361411 29.197697
0.362090 29.213828
0.362768 29.228405
0.363447 29.241428
0.364125 29.252898
0.364804 29.262818
0.365482 29.271191
0.366161 29.278024
0.366839 29.283323
0.367518 29.287095
0.368196 29.289351
0.368875 29.290100

0.368875 16.411623
0.370231 16.460935
0.371588 16.510729
0.372945 16.561001
0.374302 16.611746
0.375659 16.662961
0.377016 16.714640
0.378373 16.766781
0.379730 16.819377
0.381087 16.872424
0.382444 16.925918
0.383801 16.979854
0.385158 17.034225
0.386515 17.089027
0.387872 17.144255
0.389229 17.199902
0.390586 17.255964
0.391943 17.312434
0.393300 17.369307
0.394657 17.426576
0.396014 17.484236
0.397371 17.542279
0.398728 17.600700
0.400085 17.659492
0.401442 17.718648
0.402799 17.778162
0.404156 17.838027
0.405512 17.898236
0.406869 17.958781
0.408226 18.019656
0.409583 18.080853
0.410940 18.142365
0.412297 18.204184
0.413654 18.266303
0.415011 18.328715
0.416368 18.391411
0.417725 18.454383
0.419082 18.517625
0.420439 18.581127
0.421796 18.644881
0.423153 18.708880
0.424510 18.773115
0.425867 18.837578
0.427224 18.902261
0.428581 18.967155
0.429938 19.032251
0.431295 19.097541
0.432652 19.163016
0.434009 19.228669
0.435366 19.294489
0.436723 19.360468
0.438080 19.426597
0.439437 19.492868
0.440793 19.559271
0.442150 19.625797
0.443507 19.692437
0.444864 19.759183
0.446221 19.826025
0.447578 19.892954
0.448935 19.959961
0.450292 20.027036
0.451649 20.094170
0.453006 20.161354
0.454363 20.228580
0.455720 20.295836
0.457077 20.363115
0.458434 20.430406
0.459791 20.497700
0.461148 20.564989
0.462505 20.632262
0.463862 20.699510
0.465219 20.766724
0.466576 20.833894
0.467933 20.901011
0.469290 20.968065
0.470647 21.035048
0.472004 21.101949
0.473361 21.168759
0.474717 21.235469
0.476074 21.302069
0.477431 21.368551
0.478788 21.434904
0.480145 21.501119
0.481502 21.567187
0.482859 21.633099
0.484216 21.698845
0.485573 21.764416
0.486930 21.829803
0.488287 21.894996
0.489644 21.959986
0.491001 22.024765
0.492358 22.089322
0.493715 22.153650
0.495072 22.217738
0.496429 22.281577
0.497786 22.345160
0.499143 22.408475
0.500500 22.471516
0.501857 22.534272
0.503214 22.596736
0.504571 22.658897
0.505927 22.720748
0.507284 22.782279
0.508641 22.843482
0.509998 22.904349
0.511355 22.964870
0.512712 23.025037
0.514069 23.084842
0.515426 23.144277
0.516783 23.203332
0.518140 23.262000
0.519497 23.320272
0.520854 23.378140
0.522211 23.435596
0.523568 23.492632
0.524925 23.549240
0.526282 23.605412
0.527639 23.661140
0.528996 23.716417
0.530353 23.771234
0.531710 23.825583
0.533067 23.879458
0.534424 23.932850
0.535781 23.985753
0.537138 24.038158
0.538494 24.090059
0.539852 24.141448
0.541208 24.192318
0.542565 24.242662
0.543922 24.292473
0.545279 24.341744
0.546636 24.390468
0.547993 24.438638
0.549350 24.486248
0.550707 24.533291
0.552064 24.579760
0.553421 24.625649
0.554778 24.670951
0.556135 24.715661
0.557492 24.759772
0.558849 24.803278
0.560206 24.846172
0.561563 24.888450
0.562920 24.930104
0.564277 24.971130
0.565634 25.011522
0.566991 25.051273
0.568348 25.090379
0.569705 25.128835
0.571061 25.166634
0.572419 25.203771
0.573775 25.240242
0.575132 25.276042
0.576489 25.311165
0.577846 25.345606
0.579203 25.379361
0.580560 25.412426
0.581917 25.444795
0.583274 25.476465
0.584631 25.507430
0.585988 25.537687
0.587345 25.567231
0.588702 25.596059
0.590059 25.624166
0.591416 25.651548
0.592773 25.678202
0.594130 25.704125
0.595487 25.729312
0.596844 25.753759
0.598201 25.777465
0.599558 25.800425
0.600915 25.822637
0.602272 25.844096
0.603629 25.864801
0.604985 25.884749
0.606343 25.903936
0.607699 25.922360
0.609056 25.940019
0.610413 25.956910
0.611770 25.973031
0.613127 25.988380
0.614484 26.002954
0.615841 26.016752
0.617198 26.029771
0.618555 26.042010
0.619912 26.053468
0.621269 26.064142
0.622626 26.074031
0.623983 26.083134
0.625340 26.091450
0.626697 26.098977
0.628054 26.105715
0.629411 26.111662
0.630768 26.116818
0.632125 26.121182
0.633482 26.124753
0.634839 26.127531
0.636196 26.129516
0.637552 26.130707
0.638910 26.131104


0.000000 0.002211
0.001175 0.087073
0.002350 0.174103
0.003525 0.261137
0.004701 0.348169
0.005876 0.435193
0.007051 0.522209
0.008226 0.609213
0.009401 0.696204
0.010577 0.783180
0.011752 0.870138
0.012927 0.957078
0.014102 1.043996
0.015277 1.130892
0.016452 1.217762
0.017627 1.304606
0.018803 1.391421
0.019978 1.478206
0.021153 1.564959
0.022328 1.651677
0.023503 1.738359
0.024678 1.825003
0.025854 1.911607
0.027029 1.998169
0.028204 2.084688
0.029379 2.171161
0.030554 2.257587
0.031729 2.343964
0.032905 2.430290
0.034080 2.516563
0.035255 2.602782
0.036430 2.688944
0.037605 2.775048
0.038780 2.861092
0.039955 2.947075
0.041131 3.032994
0.042306 3.118848
0.043481 3.204635
0.044656 3.290353
0.045831 3.376001
0.047006 3.461576
0.048182 3.547078
0.049357 3.632504
0.050532 3.717853
0.051707 3.803123
0.052882 3.888312
0.054057 3.973418
0.055233 4.058441
0.056408 4.143378
0.057583 4.228228
0.058758 4.312989
0.059933 4.397659
0.061108 4.482237
0.062284 4.566721
0.063459 4.651110
0.064634 4.735402
0.065809 4.819595
0.066984 4.903689
0.068159 4.987680
0.069334 5.071569
0.070510 5.155352
0.071685 5.239030
0.072860 5.322599
0.074035 5.406059
0.075210 5.489408
0.076385 5.572645
0.077561 5.655767
0.078736 5.738775
0.079911 5.821665
0.081086 5.904437
0.082261 5.987089
0.083436 6.069620
0.084612 6.152028
0.085787 6.234311
0.086962 6.316469
0.088137 6.398499
0.089312 6.480401
0.090487 6.562172
0.091663 6.643811
0.092838 6.725318
0.094013 6.806689
0.095188 6.887925
0.096363 6.969022
0.097538 7.049981
0.098714 7.130798
0.099889 7.211474
0.101064 7.292005
0.102239 7.372392
0.103414 7.452631
0.104589 7.532722
0.105764 7.612663
0.106940 7.692452
0.108115 7.772088
0.109290 7.851568
0.110465 7.930892
0.111640 8.010058
0.112815 8.089064
0.113991 8.167908
0.115166 8.246588
0.116341 8.325102
0.117516 8.403449
0.118691 8.481627
0.119867 8.559633
0.121042 8.637466
0.122217 8.715124
0.123392 8.792604
0.124567 8.869905
0.125742 8.947023
0.126917 9.023957
0.128093 9.100705
0.129268 9.177263
0.130443 9.253630
0.131618 9.329802
0.132793 9.405777
0.133968 9.481552
0.135144 9.557125
0.136319 9.632491
0.137494 9.707649
0.138669 9.782594
0.139844 9.857323
0.141019 9.931834
0.142195 10.006121
0.143370 10.080181
0.144545 10.154010
0.145720 10.227605
0.146895 10.300960
0.148070 10.374071
0.149246 10.446933
0.150421 10.519541
0.151596 10.591890
0.152771 10.663975
0.153946 10.735789
0.155121 10.807327
0.156297 10.878582
0.157472 10.949549
0.158647 11.020219
0.159822 11.090586
0.160997 11.160641
0.162172 11.230378
0.163347 11.299787
0.164523 11.368860
0.165698 11.437587
0.166873 11.505958
0.168048 11.573964
0.169223 11.641594
0.170398 11.708835
0.171574 11.775677
0.172749 11.842106
0.173924 11.908109
0.175099 11.973673
0.176274 12.038782
0.177449 12.103421
0.178624 12.167574
0.179800 12.231223
0.180975 12.294350
0.182150 12.356937
0.183325 12.418963
0.184500 12.480407
0.185675 12.541247
0.186851 12.601460
0.188026 12.661019
0.189201 12.719901
0.190376 12.778077
0.191551 12.835519
0.192726 12.892196
0.193902 12.948077
0.195077 13.003129
0.196252 13.057316
0.197427 13.110603
0.198602 13.162951
0.199777 13.214320
0.200953 13.264668
0.202128 13.313952
0.203303 13.362128
0.204478 13.409147
0.205653 13.454961
0.206828 13.499520
0.208004 13.542771
0.209179 13.584663
0.210354 13.625139
0.211529 13.664144
0.212704 13.701620
0.213879 13.737511
0.215055 13.771758
0.216230 13.804302
0.217405 13.835086
0.218580 13.864051
0.219755 13.891141
0.220930 13.916301
0.222106 13.939476
0.223281 13.960617
0.224456 13.979674
0.225631 13.996603
0.226806 14.011363
0.227981 14.023918
0.229157 14.034234
0.230332 14.042287
0.231507 14.048054
0.232682 14.051520
0.233857 14.052676

0.233857 18.900315
0.234536 18.900251
0.235214 18.900059
0.235893 18.899738
0.236571 18.899290
0.237250 18.898714
0.237928 18.898010
0.238606 18.897177
0.239285 18.896217
0.239963 18.895128
0.240642 18.893912
0.241320 18.892567
0.241999 18.891095
0.242677 18.889494
0.243356 18.887766
0.244034 18.885909
0.244713 18.883925
0.245391 18.881812
0.246070 18.879572
0.246748 18.877203
0.247427 18.874707
0.248105 18.872083
0.248784 18.869331
0.249462 18.866451
0.250141 18.863443
0.250819 18.860307
0.251498 18.857043
0.252176 18.853652
0.252854 18.850133
0.253533 18.846486
0.254211 18.842711
0.254890 18.838808
0.255568 18.834778
0.256247 18.830620
0.256925 18.826334
0.257604 18.821921
0.258282 18.817380
0.258961 18.812712
0.259639 18.807916
0.260318 18.802992
0.260996 18.797941
0.261675 18.792762
0.262353 18.787456
0.263032 18.782023
0.263710 18.776462
0.264389 18.770773
0.265067 18.764958
0.265746 18.759015
0.266424 18.752945
0.267103 18.746747
0.267781 18.740422
0.268460 18.733971
0.269138 18.727392
0.269817 18.720686
0.270495 18.713852
0.271174 18.706892
0.271852 18.699805
0.272531 18.692591
0.273209 18.685250
0.273887 18.677782
0.274566 18.670188
0.275244 18.662466
0.275923 18.654618
0.276601 18.646643
0.277280 18.638541
0.277958 18.630313
0.278637 18.621959
0.279315 18.613478
0.279994 18.604870
0.280672 18.596136
0.281351 18.587275
0.282029 18.578289
0.282708 18.569176
0.283386 18.559937
0.284065 18.550571
0.284743 18.541080
0.285422 18.531462
0.286100 18.521719
0.286778 18.511849
0.287457 18.501854
0.288135 18.491733
0.288814 18.481486
0.289492 18.471113
0.290171 18.460615
0.290849 18.449991
0.291528 18.439241
0.292206 18.428367
0.292885 18.417366
0.293563 18.406241
0.294242 18.394990
0.294920 18.383613
0.295599 18.372112
0.296277 18.360485
0.296956 18.348734
0.297634 18.336857
0.298313 18.324856
0.298991 18.312730
0.299670 18.300479
0.300348 18.288103
0.301027 18.275603
0.301705 18.262978
0.302384 18.250229
0.303062 18.237355
0.303741 18.224357
0.304419 18.211235
0.305098 18.197988
0.305776 18.184618
0.306454 18.171123
0.307133 18.157505
0.307811 18.143762
0.308490 18.129896
0.309168 18.115906
0.309847 18.101792
0.310525 18.087555
0.311204 18.073194
0.311882 18.058710
0.312561 18.044103
0.313239 18.029373
0.313918 18.014519
0.314596 17.999542
0.315275 17.984442
0.315953 17.969220
0.316632 17.953874
0.317310 17.938406
0.317989 17.922815
0.318667 17.907102
0.319346 17.891266
0.320024 17.875308
0.320703 17.859228
0.321381 17.843025
0.322059 17.826701
0.322738 17.810254
0.323416 17.793686
0.324095 17.776995
0.324773 17.760183
0.325452 17.743250
0.326130 17.726195
0.326809 17.709018
0.327487 17.691721
0.328166 17.674302
0.328844 17.656762
0.329523 17.639101
0.330201 17.621319
0.330880 17.603416
0.331558 17.585393
0.332237 17.567249
0.332915 17.548984
0.333594 17.530600
0.334272 17.512095
0.334951 17.493469
0.335629 17.474724
0.336307 17.455859
0.336986 17.436874
0.337664 17.417769
0.338343 17.398545
0.339021 17.379201
0.339700 17.359738
0.340378 17.340155
0.341057 17.320454
0.341735 17.300633
0.342414 17.280694
0.343092 17.260635
0.343771 17.240458
0.344449 17.220163
0.345128 17.199748
0.345806 17.179216
0.346485 17.158566
0.347163 17.137797
0.347842 17.116910
0.348520 17.095906
0.349199 17.074784
0.349877 17.053544
0.350556 17.032187
0.351234 17.010712
0.351913 16.989121
0.352591 16.967412
0.353270 16.945586
0.353948 16.923643
0.354627 16.901584
0.355305 16.879408
0.355984 16.857116
0.356662 16.834707
0.357340 16.812183
0.358019 16.789542
0.358697 16.766785
0.359376 16.743913
0.360054 16.720925
0.360733 16.697821
0.361411 16.674603
0.362090 16.651269
0.362768 16.627819
0.363447 16.604255
0.364125 16.580577
0.364804 16.556783
0.365482 16.532875
0.366161 16.508853
0.366839 16.484716
0.367518 16.460466
0.368196 16.436101
0.368875 16.411623

0.368875 29.290100
0.370231 29.287128
0.371588 29.278283
0.372945 29.263689
0.374302 29.243480
0.375659 29.217803
0.377016 29.186813
0.378373 29.150674
0.379730 29.109554
0.381087 29.063625
0.382444 29.013060
0.383801 28.958032
0.385158 28.898713
0.386515 28.835271
0.387872 28.767874
0.389229 28.696683
0.390586 28.621856
0.391943 28.543543
0.393300 28.461892
0.394657 28.377042
0.396014 28.289128
0.397371 28.198280
0.398728 28.104619
0.400085 28.008262
0.401442 27.909321
0.402799 27.807901
0.404156 27.704103
0.405512 27.598021
0.406869 27.489747
0.408226 27.379364
0.409583 27.266956
0.410940 27.152598
0.412297 27.036363
0.413654 26.918321
0.415011 26.798536
0.416368 26.677073
0.417725 26.553988
0.419082 26.429339
0.420439 26.303179
0.421796 26.175558
0.423153 26.046525
0.424510 25.916126
0.425867 25.784404
0.427224 25.651401
0.428581 25.517158
0.429938 25.381712
0.431295 25.245099
0.432652 25.107355
0.434009 24.968514
0.435366 24.828606
0.436723 24.687663
0.438080 24.545714
0.439437 24.402788
0.440793 24.258912
0.442150 24.114112
0.443507 23.968414
0.444864 23.821842
0.446221 23.674420
0.447578 23.526171
0.448935 23.377117
0.450292 23.227280
0.451649 23.076679
0.453006 22.925336
0.454363 22.773270
0.455720 22.620499
0.457077 22.467043
0.458434 22.312919
0.459791 22.158145
0.461148 22.002739
0.462505 21.846715
0.463862 21.690092
0.465219 21.532885
0.466576 21.375109
0.467933 21.216779
0.469290 21.057911
0.470647 20.898518
0.472004 20.738616
0.473361 20.578218
0.474717 20.417337
0.476074 20.255988
0.477431 20.094183
0.478788 19.931935
0.480145 19.769257
0.481502 19.606162
0.482859 19.442662
0.484216 19.278768
0.485573 19.114493
0.486930 18.949849
0.488287 18.784847
0.489644 18.619498
0.491001 18.453813
0.492358 18.287804
0.493715 18.121482
0.495072 17.954856
0.496429 17.787938
0.497786 17.620738
0.499143 17.453266
0.500500 17.285533
0.501857 17.117548
0.503214 16.949321
0.504571 16.780862
0.505927 16.612181
0.507284 16.443286
0.508641 16.274188
0.509998 16.104895
0.511355 15.935417
0.512712 15.765762
0.514069 15.595939
0.515426 15.425958
0.516783 15.255826
0.518140 15.085552
0.519497 14.915145
0.520854 14.744613
0.522211 14.573963
0.523568 14.403204
0.524925 14.232343
0.526282 14.061390
0.527639 13.890350
0.528996 13.719232
0.530353 13.548042
0.531710 13.376789
0.533067 13.205480
0.534424 13.034120
0.535781 12.862718
0.537138 12.691280
0.538494 12.519813
0.539852 12.348323
0.541208 12.176817
0.542565 12.005300
0.543922 11.833779
0.545279 11.662260
0.546636 11.490748
0.547993 11.319250
0.549350 11.147770
0.550707 10.976315
0.552064 10.804889
0.553421 10.633497
0.554778 10.462145
0.556135 10.290837
0.557492 10.119577
0.558849 9.948371
0.560206 9.777222
0.561563 9.606135
0.562920 9.435113
0.564277 9.264161
0.565634 9.093281
0.566991 8.922477
0.568348 8.751753
0.569705 8.581111
0.571061 8.410555
0.572419 8.240087
0.573775 8.069710
0.575132 7.899425
0.576489 7.729235
0.577846 7.559143
0.579203 7.389149
0.580560 7.219255
0.581917 7.049463
0.583274 6.879774
0.584631 6.710188
0.585988 6.540707
0.587345 6.371331
0.588702 6.202061
0.590059 6.032896
0.591416 5.863837
0.592773 5.694884
0.594130 5.526035
0.595487 5.357291
0.596844 5.188650
0.598201 5.020113
0.599558 4.851676
0.600915 4.683340
0.602272 4.515103
0.603629 4.346962
0.604985 4.178917
0.606343 4.010964
0.607699 3.843102
0.609056 3.675328
0.610413 3.507640
0.611770 3.340035
0.613127 3.172510
0.614484 3.005062
0.615841 2.837688
0.617198 2.670385
0.618555 2.503148
0.619912 2.335976
0.621269 2.168863
0.622626 2.001806
0.623983 1.834801
0.625340 1.667845
0.626697 1.500933
0.628054 1.334060
0.629411 1.167223
0.630768 1.000418
0.632125 0.833639
0.633482 0.666883
0.634839 0.500144
0.636196 0.333418
0.637552 0.166696
0.638910 -0.002211


0.000000 26.131104
0.001175 26.130806
0.002350 26.129913
0.003525 26.128424
0.004701 26.126341
0.005876 26.123662
0.007051 26.120388
0.008226 26.116521
0.009401 26.112059
0.010577 26.107003
0.011752 26.101355
0.012927 26.095114
0.014102 26.088282
0.015277 26.080858
0.016452 26.072844
0.017627 26.064241
0.018803 26.055049
0.019978 26.045269
0.021153 26.034903
0.022328 26.023951
0.023503 26.012414
0.024678 26.000294
0.025854 25.987592
0.027029 25.974310
0.028204 25.960448
0.029379 25.946008
0.030554 25.930991
0.031729 25.915400
0.032905 25.899235
0.034080 25.882498
0.035255 25.865192
0.036430 25.847317
0.037605 25.828876
0.038780 25.809871
0.039955 25.790303
0.041131 25.770174
0.042306 25.749487
0.043481 25.728244
0.044656 25.706447
0.045831 25.684097
0.047006 25.661199
0.048182 25.637753
0.049357 25.613762
0.050532 25.589229
0.051707 25.564156
0.052882 25.538546
0.054057 25.512401
0.055233 25.485725
0.056408 25.458519
0.057583 25.430787
0.058758 25.402532
0.059933 25.373756
0.061108 25.344463
0.062284 25.314655
0.063459 25.284336
0.064634 25.253508
0.065809 25.222176
0.066984 25.190341
0.068159 25.158008
0.069334 25.125180
0.070510 25.091861
0.071685 25.058053
0.072860 25.023760
0.074035 24.988986
0.075210 24.953735
0.076385 24.918009
0.077561 24.881814
0.078736 24.845152
0.079911 24.808028
0.081086 24.770446
0.082261 24.732409
0.083436 24.693921
0.084612 24.654987
0.085787 24.615610
0.086962 24.575795
0.088137 24.535546
0.089312 24.494868
0.090487 24.453764
0.091663 24.412239
0.092838 24.370298
0.094013 24.327944
0.095188 24.285183
0.096363 24.242019
0.097538 24.198457
0.098714 24.154502
0.099889 24.110157
0.101064 24.065429
0.102239 24.020322
0.103414 23.974841
0.104589 23.928991
0.105764 23.882777
0.106940 23.836204
0.108115 23.789278
0.109290 23.742003
0.110465 23.694386
0.111640 23.646430
0.112815 23.598143
0.113991 23.549529
0.115166 23.500593
0.116341 23.451343
0.117516 23.401783
0.118691 23.351919
0.119867 23.301757
0.121042 23.251303
0.122217 23.200563
0.123392 23.149543
0.124567 23.098250
0.125742 23.046689
0.126917 22.994868
0.128093 22.942792
0.129268 22.890468
0.130443 22.837903
0.131618 22.785104
0.132793 22.732077
0.133968 22.678830
0.135144 22.625369
0.136319 22.571702
0.137494 22.517837
0.138669 22.463780
0.139844 22.409540
0.141019 22.355124
0.142195 22.300540
0.143370 22.245797
0.144545 22.190902
0.145720 22.135864
0.146895 22.080692
0.148070 22.025394
0.149246 21.969979
0.150421 21.914457
0.151596 21.858838
0.152771 21.803130
0.153946 21.747344
0.155121 21.691490
0.156297 21.635579
0.157472 21.579621
0.158647 21.523627
0.159822 21.467609
0.160997 21.411578
0.162172 21.355547
0.163347 21.299528
0.164523 21.243534
0.165698 21.187578
0.166873 21.131674
0.168048 21.075837
0.169223 21.020080
0.170398 20.964420
0.171574 20.908872
0.172749 20.853452
0.173924 20.798178
0.175099 20.743068
0.176274 20.688138
0.177449 20.633410
0.178624 20.578903
0.179800 20.524637
0.180975 20.470634
0.182150 20.416917
0.183325 20.363509
0.184500 20.310434
0.185675 20.257719
0.186851 20.205390
0.188026 20.153475
0.189201 20.102002
0.190376 20.051003
0.191551 20.000509
0.192726 19.950553
0.193902 19.901169
0.195077 19.852395
0.196252 19.804266
0.197427 19.756823
0.198602 19.710107
0.199777 19.664159
0.200953 19.619024
0.202128 19.574748
0.203303 19.531379
0.204478 19.488965
0.205653 19.447557
0.206828 19.407208
0.208004 19.367972
0.209179 19.329904
0.210354 19.293061
0.211529 19.257501
0.212704 19.223281
0.213879 19.190462
0.215055 19.159104
0.216230 19.129265
0.217405 19.101006
0.218580 19.074386
0.219755 19.049462
0.220930 19.026292
0.222106 19.004929
0.223281 18.985425
0.224456 18.967830
0.225631 18.952190
0.226806 18.938545
0.227981 18.926934
0.229157 18.917388
0.230332 18.909935
0.231507 18.904596
0.232682 18.901386
0.233857 18.900315

0.233857 39.738020
0.234536 39.737881
0.235214 39.737466
0.235893 39.736774
0.236571 39.735805
0.237250 39.734559
0.237928 39.733037
0.238606 39.731238
0.239285 39.729162
0.239963 39.726811
0.240642 39.724184
0.241320 39.721280
0.241999 39.718101
0.242677 39.714647
0.243356 39.710918
0.244034 39.706914
0.244713 39.702635
0.245391 39.698082
0.246070 39.693256
0.246748 39.688156
0.247427 39.682783
0.248105 39.677138
0.248784 39.671220
0.249462 39.665031
0.250141 39.658571
0.250819 39.651840
0.251498 39.644840
0.252176 39.637569
0.252854 39.630030
0.253533 39.622223
0.254211 39.614148
0.254890 39.605806
0.255568 39.597198
0.256247 39.588324
0.256925 39.579186
0.257604 39.569783
0.258282 39.560118
0.258961 39.550190
0.259639 39.540001
0.260318 39.529552
0.260996 39.518842
0.261675 39.507874
0.262353 39.496649
0.263032 39.485167
0.263710 39.473429
0.264389 39.461436
0.265067 39.449191
0.265746 39.436693
0.266424 39.423944
0.267103 39.410945
0.267781 39.397697
0.268460 39.384202
0.269138 39.370461
0.269817 39.356476
0.270495 39.342247
0.271174 39.327777
0.271852 39.313066
0.272531 39.298116
0.273209 39.282930
0.273887 39.267507
0.274566 39.251851
0.275244 39.235962
0.275923 39.219843
0.276601 39.203495
0.277280 39.186920
0.277958 39.170120
0.278637 39.153097
0.279315 39.135853
0.279994 39.118389
0.280672 39.100709
0.281351 39.082814
0.282029 39.064706
0.282708 39.046388
0.283386 39.027862
0.284065 39.009130
0.284743 38.990195
0.285422 38.971060
0.286100 38.951726
0.286778 38.932197
0.287457 38.912475
0.288135 38.892563
0.288814 38.872464
0.289492 38.852181
0.290171 38.831717
0.290849 38.811075
0.291528 38.790258
0.292206 38.769270
0.292885 38.748113
0.293563 38.726792
0.294242 38.705310
0.294920 38.683671
0.295599 38.661877
0.296277 38.639934
0.296956 38.617845
0.297634 38.595614
0.298313 38.573246
0.298991 38.550744
0.299670 38.528113
0.300348 38.505358
0.301027 38.482483
0.301705 38.459494
0.302384 38.436394
0.303062 38.413190
0.303741 38.389886
0.304419 38.366487
0.305098 38.343000
0.305776 38.319430
0.306454 38.295783
0.307133 38.272064
0.307811 38.248280
0.308490 38.224438
0.309168 38.200543
0.309847 38.176603
0.310525 38.152624
0.311204 38.128614
0.311882 38.104580
0.312561 38.080529
0.313239 38.056470
0.313918 38.032409
0.314596 38.008356
0.315275 37.984319
0.315953 37.960306
0.316632 37.936327
0.317310 37.912390
0.317989 37.888505
0.318667 37.864682
0.319346 37.840931
0.320024 37.817262
0.320703 37.793685
0.321381 37.770212
0.322059 37.746853
0.322738 37.723621
0.323416 37.700526
0.324095 37.677581
0.324773 37.654798
0.325452 37.632191
0.326130 37.609771
0.326809 37.587554
0.327487 37.565551
0.328166 37.543778
0.328844 37.522249
0.329523 37.500979
0.330201 37.479982
0.330880 37.459275
0.331558 37.438873
0.332237 37.418793
0.332915 37.399051
0.333594 37.379663
0.334272 37.360648
0.334951 37.342022
0.335629 37.323804
0.336307 37.306011
0.336986 37.288663
0.337664 37.271778
0.338343 37.255374
0.339021 37.239471
0.339700 37.224089
0.340378 37.209248
0.341057 37.194966
0.341735 37.181264
0.342414 37.168161
0.343092 37.155679
0.343771 37.143837
0.344449 37.132655
0.345128 37.122153
0.345806 37.112351
0.346485 37.103269
0.347163 37.094926
0.347842 37.087341
0.348520 37.080534
0.349199 37.074523
0.349877 37.069326
0.350556 37.064961
0.351234 37.061444
0.351913 37.058792
0.352591 37.057020
0.353270 37.056144
0.353948 37.056177
0.354627 37.057133
0.355305 37.059023
0.355984 37.061859
0.356662 37.065650
0.357340 37.070406
0.358019 37.076135
0.358697 37.082842
0.359376 37.090533
0.360054 37.099213
0.360733 37.108883
0.361411 37.119545
0.362090 37.131199
0.362768 37.143843
0.363447 37.157475
0.364125 37.172090
0.364804 37.187684
0.365482 37.204248
0.366161 37.221775
0.366839 37.240256
0.367518 37.259679
0.368196 37.280033
0.368875 37.301304

0.368875 37.301304
0.370231 37.346543
0.371588 37.395269
0.372945 37.447342
0.374302 37.502608
0.375659 37.560905
0.377016 37.622058
0.378373 37.685889
0.379730 37.752216
0.381087 37.820851
0.382444 37.891609
0.383801 37.964303
0.385158 38.038749
0.386515 38.114766
0.387872 38.192178
0.389229 38.270812
0.390586 38.350502
0.391943 38.431087
0.393300 38.512413
0.394657 38.594332
0.396014 38.676702
0.397371 38.759389
0.398728 38.842264
0.400085 38.925205
0.401442 39.008097
0.402799 39.090831
0.404156 39.173302
0.405512 39.255414
0.406869 39.337074
0.408226 39.418194
0.409583 39.498694
0.410940 39.578496
0.412297 39.657527
0.413654 39.735720
0.415011 39.813009
0.416368 39.889335
0.417725 39.964642
0.419082 40.038876
0.420439 40.111987
0.421796 40.183930
0.423153 40.254661
0.424510 40.324138
0.425867 40.392325
0.427224 40.459186
0.428581 40.524687
0.429938 40.588798
0.431295 40.651490
0.432652 40.712738
0.434009 40.772516
0.435366 40.830801
0.436723 40.887575
0.438080 40.942816
0.439437 40.996507
0.440793 41.048634
0.442150 41.099181
0.443507 41.148135
0.444864 41.195486
0.446221 41.241222
0.447578 41.285335
0.448935 41.327816
0.450292 41.368661
0.451649 41.407862
0.453006 41.445416
0.454363 41.481319
0.455720 41.515570
0.457077 41.548166
0.458434 41.579108
0.459791 41.608397
0.461148 41.636033
0.462505 41.662020
0.463862 41.686360
0.465219 41.709058
0.466576 41.730119
0.467933 41.749548
0.469290 41.767352
0.470647 41.783538
0.472004 41.798114
0.473361 41.811089
0.474717 41.822472
0.476074 41.832274
0.477431 41.840504
0.478788 41.847175
0.480145 41.852299
0.481502 41.855888
0.482859 41.857956
0.484216 41.858516
0.485573 41.857583
0.486930 41.855173
0.488287 41.851301
0.489644 41.845983
0.491001 41.839237
0.492358 41.831079
0.493715 41.821528
0.495072 41.810602
0.496429 41.798320
0.497786 41.784702
0.499143 41.769767
0.500500 41.753537
0.501857 41.736032
0.503214 41.717274
0.504571 41.697285
0.505927 41.676087
0.507284 41.653704
0.508641 41.630158
0.509998 41.605474
0.511355 41.579675
0.512712 41.552787
0.514069 41.524834
0.515426 41.495843
0.516783 41.465839
0.518140 41.434847
0.519497 41.402897
0.520854 41.370013
0.522211 41.336224
0.523568 41.301557
0.524925 41.266041
0.526282 41.229704
0.527639 41.192575
0.528996 41.154683
0.530353 41.116059
0.531710 41.076730
0.533067 41.036728
0.534424 40.996083
0.535781 40.954826
0.537138 40.912987
0.538494 40.870598
0.539852 40.827690
0.541208 40.784295
0.542565 40.740444
0.543922 40.696170
0.545279 40.651505
0.546636 40.606481
0.547993 40.561131
0.549350 40.515487
0.550707 40.469583
0.552064 40.423451
0.553421 40.377125
0.554778 40.330637
0.556135 40.284021
0.557492 40.237311
0.558849 40.190539
0.560206 40.143740
0.561563 40.096945
0.562920 40.050190
0.564277 40.003506
0.565634 39.956929
0.566991 39.910490
0.568348 39.864222
0.569705 39.818160
0.571061 39.772336
0.572419 39.726783
0.573775 39.681534
0.575132 39.636620
0.576489 39.592075
0.577846 39.547930
0.579203 39.504218
0.580560 39.460969
0.581917 39.418216
0.583274 39.375988
0.584631 39.334318
0.585988 39.293235
0.587345 39.252768
0.588702 39.212949
0.590059 39.173805
0.591416 39.135366
0.592773 39.097660
0.594130 39.060714
0.595487 39.024556
0.596844 38.989213
0.598201 38.954710
0.599558 38.921074
0.600915 38.888329
0.602272 38.856500
0.603629 38.825610
0.604985 38.795684
0.606343 38.766742
0.607699 38.738808
0.609056 38.711901
0.610413 38.686042
0.611770 38.661252
0.613127 38.637547
0.614484 38.614948
0.615841 38.593470
0.617198 38.573130
0.618555 38.553943
0.619912 38.535925
0.621269 38.519088
0.622626 38.503447
0.623983 38.489012
0.625340 38.475794
0.626697 38.463805
0.628054 38.453053
0.629411 38.443546
0.630768 38.435292
0.632125 38.428297
0.633482 38.422567
0.634839 38.418105
0.636196 38.414916
0.637552 38.413001
0.638910 38.412363


0.000000 38.412363
0.001175 38.412841
0.002350 38.414277
0.003525 38.416670
0.004701 38.420018
0.005876 38.424320
0.007051 38.429573
0.008226 38.435775
0.009401 38.442922
0.010577 38.451012
0.011752 38.460039
0.012927 38.469999
0.014102 38.480887
0.015277 38.492698
0.016452 38.505425
0.017627 38.519062
0.018803 38.533603
0.019978 38.549038
0.021153 38.565362
0.022328 38.582565
0.023503 38.600639
0.024678 38.619574
0.025854 38.639361
0.027029 38.659990
0.028204 38.681451
0.029379 38.703732
0.030554 38.726823
0.031729 38.750711
0.032905 38.775386
0.034080 38.800834
0.035255 38.827042
0.036430 38.853998
0.037605 38.881688
0.038780 38.910099
0.039955 38.939215
0.041131 38.969024
0.042306 38.999509
0.043481 39.030656
0.044656 39.062449
0.045831 39.094873
0.047006 39.127912
0.048182 39.161549
0.049357 39.195768
0.050532 39.230552
0.051707 39.265884
0.052882 39.301747
0.054057 39.338123
0.055233 39.374995
0.056408 39.412344
0.057583 39.450153
0.058758 39.488403
0.059933 39.527076
0.061108 39.566153
0.062284 39.605615
0.063459 39.645444
0.064634 39.685619
0.065809 39.726122
0.066984 39.766933
0.068159 39.808034
0.069334 39.849403
0.070510 39.891022
0.071685 39.932870
0.072860 39.974928
0.074035 40.017175
0.075210 40.059592
0.076385 40.102158
0.077561 40.144853
0.078736 40.187657
0.079911 40.230550
0.081086 40.273510
0.082261 40.316519
0.083436 40.359555
0.084612 40.402599
0.085787 40.445629
0.086962 40.488625
0.088137 40.531567
0.089312 40.574435
0.090487 40.617208
0.091663 40.659866
0.092838 40.702389
0.094013 40.744756
0.095188 40.786948
0.096363 40.828943
0.097538 40.870723
0.098714 40.912267
0.099889 40.953555
0.101064 40.994567
0.102239 41.035284
0.103414 41.075685
0.104589 41.115751
0.105764 41.155463
0.106940 41.194802
0.108115 41.233747
0.109290 41.272280
0.110465 41.310381
0.111640 41.348032
0.112815 41.385213
0.113991 41.421906
0.115166 41.458093
0.116341 41.493754
0.117516 41.528872
0.118691 41.563428
0.119867 41.597404
0.121042 41.630782
0.122217 41.663545
0.123392 41.695674
0.124567 41.727152
0.125742 41.757962
0.126917 41.788086
0.128093 41.817508
0.129268 41.846210
0.130443 41.874176
0.131618 41.901390
0.132793 41.927834
0.133968 41.953493
0.135144 41.978351
0.136319 42.002391
0.137494 42.025598
0.138669 42.047956
0.139844 42.069450
0.141019 42.090065
0.142195 42.109786
0.143370 42.128598
0.144545 42.146486
0.145720 42.163435
0.146895 42.179433
0.148070 42.194463
0.149246 42.208513
0.150421 42.221568
0.151596 42.233615
0.152771 42.244642
0.153946 42.254633
0.155121 42.263577
0.156297 42.271461
0.157472 42.278272
0.158647 42.283998
0.159822 42.288625
0.160997 42.292144
0.162172 42.294541
0.163347 42.295805
0.164523 42.295924
0.165698 42.294888
0.166873 42.292684
0.168048 42.289303
0.169223 42.284734
0.170398 42.278965
0.171574 42.271988
0.172749 42.263792
0.173924 42.254366
0.175099 42.243702
0.176274 42.231790
0.177449 42.218620
0.178624 42.204184
0.179800 42.188473
0.180975 42.171478
0.182150 42.153191
0.183325 42.133604
0.184500 42.112709
0.185675 42.090497
0.186851 42.066963
0.188026 42.042097
0.189201 42.015894
0.190376 41.988347
0.191551 41.959449
0.192726 41.929195
0.193902 41.897577
0.195077 41.864591
0.196252 41.830231
0.197427 41.794493
0.198602 41.757371
0.199777 41.718863
0.200953 41.678963
0.202128 41.637669
0.203303 41.594979
0.204478 41.550889
0.205653 41.505400
0.206828 41.458510
0.208004 41.410219
0.209179 41.360531
0.210354 41.309447
0.211529 41.256972
0.212704 41.203113
0.213879 41.147880
0.215055 41.091287
0.216230 41.033349
0.217405 40.974092
0.218580 40.913546
0.219755 40.851754
0.220930 40.788776
0.222106 40.724693
0.223281 40.659622
0.224456 40.593733
0.225631 40.527286
0.226806 40.460683
0.227981 40.394590
0.229157 40.330148
0.230332 40.269434
0.231507 40.216327
0.232682 40.177749
0.233857 40.163154

0.233857 40.163154
0.234536 40.162912
0.235214 40.162187
0.235893 40.160980
0.236571 40.159294
0.237250 40.157133
0.237928 40.154502
0.238606 40.151407
0.239285 40.147854
0.239963 40.143850
0.240642 40.139405
0.241320 40.134526
0.241999 40.129225
0.242677 40.123510
0.243356 40.117393
0.244034 40.110884
0.244713 40.103996
0.245391 40.096740
0.246070 40.089127
0.246748 40.081169
0.247427 40.072880
0.248105 40.064269
0.248784 40.055351
0.249462 40.046135
0.250141 40.036635
0.250819 40.026861
0.251498 40.016825
0.252176 40.006539
0.252854 39.996012
0.253533 39.985255
0.254211 39.974279
0.254890 39.963094
0.255568 39.951709
0.256247 39.940133
0.256925 39.928376
0.257604 39.916447
0.258282 39.904353
0.258961 39.892103
0.259639 39.879704
0.260318 39.867164
0.260996 39.854491
0.261675 39.841690
0.262353 39.828769
0.263032 39.815733
0.263710 39.802590
0.264389 39.789343
0.265067 39.776000
0.265746 39.762565
0.266424 39.749043
0.267103 39.735439
0.267781 39.721757
0.268460 39.708002
0.269138 39.694178
0.269817 39.680289
0.270495 39.666339
0.271174 39.652330
0.271852 39.638267
0.272531 39.624152
0.273209 39.609989
0.273887 39.595780
0.274566 39.581529
0.275244 39.567237
0.275923 39.552908
0.276601 39.538543
0.277280 39.524144
0.277958 39.509715
0.278637 39.495255
0.279315 39.480769
0.279994 39.466256
0.280672 39.451720
0.281351 39.437160
0.282029 39.422580
0.282708 39.407979
0.283386 39.393359
0.284065 39.378722
0.284743 39.364069
0.285422 39.349399
0.286100 39.334715
0.286778 39.320017
0.287457 39.305306
0.288135 39.290583
0.288814 39.275848
0.289492 39.261101
0.290171 39.246344
0.290849 39.231576
0.291528 39.216798
0.292206 39.202011
0.292885 39.187214
0.293563 39.172408
0.294242 39.157593
0.294920 39.142769
0.295599 39.127936
0.296277 39.113094
0.296956 39.098244
0.297634 39.083384
0.298313 39.068515
0.298991 39.053637
0.299670 39.038750
0.300348 39.023853
0.301027 39.008945
0.301705 38.994028
0.302384 38.979100
0.303062 38.964161
0.303741 38.949210
0.304419 38.934247
0.305098 38.919272
0.305776 38.904284
0.306454 38.889283
0.307133 38.874267
0.307811 38.859237
0.308490 38.844191
0.309168 38.829129
0.309847 38.814051
0.310525 38.798955
0.311204 38.783840
0.311882 38.768707
0.312561 38.753554
0.313239 38.738380
0.313918 38.723184
0.314596 38.707966
0.315275 38.692725
0.315953 38.677459
0.316632 38.662168
0.317310 38.646851
0.317989 38.631506
0.318667 38.616133
0.319346 38.600731
0.320024 38.585298
0.320703 38.569834
0.321381 38.554337
0.322059 38.538806
0.322738 38.523241
0.323416 38.507639
0.324095 38.491999
0.324773 38.476322
0.325452 38.460604
0.326130 38.444845
0.326809 38.429044
0.327487 38.413199
0.328166 38.397309
0.328844 38.381372
0.329523 38.365388
0.330201 38.349355
0.330880 38.333272
0.331558 38.317136
0.332237 38.300947
0.332915 38.284704
0.333594 38.268404
0.334272 38.252046
0.334951 38.235629
0.335629 38.219151
0.336307 38.202611
0.336986 38.186007
0.337664 38.169338
0.338343 38.152602
0.339021 38.135797
0.339700 38.118922
0.340378 38.101975
0.341057 38.084954
0.341735 38.067859
0.342414 38.050686
0.343092 38.033435
0.343771 38.016103
0.344449 37.998690
0.345128 37.981193
0.345806 37.963610
0.346485 37.945940
0.347163 37.928180
0.347842 37.910330
0.348520 37.892387
0.349199 37.874350
0.349877 37.856216
0.350556 37.837983
0.351234 37.819651
0.351913 37.801216
0.352591 37.782678
0.353270 37.764033
0.353948 37.745280
0.354627 37.726418
0.355305 37.707444
0.355984 37.688356
0.356662 37.669152
0.357340 37.649830
0.358019 37.630389
0.358697 37.610825
0.359376 37.591138
0.360054 37.571324
0.360733 37.551382
0.361411 37.531310
0.362090 37.511106
0.362768 37.490767
0.363447 37.470292
0.364125 37.449677
0.364804 37.428922
0.365482 37.408023
0.366161 37.386979
0.366839 37.365787
0.367518 37.344446
0.368196 37.322952
0.368875 37.301304

0.368875 37.301304
0.370231 37.257536
0.371588 37.213124
0.372945 37.168047
0.374302 37.122289
0.375659 37.075829
0.377016 37.028650
0.378373 36.980730
0.379730 36.932051
0.381087 36.882594
0.382444 36.832337
0.383801 36.781261
0.385158 36.729346
0.386515 36.676571
0.387872 36.622915
0.389229 36.568358
0.390586 36.512878
0.391943 36.456454
0.393300 36.399066
0.394657 36.340691
0.396014 36.281308
0.397371 36.220896
0.398728 36.159432
0.400085 36.096895
0.401442 36.033262
0.402799 35.968512
0.404156 35.902622
0.405512 35.835570
0.406869 35.767335
0.408226 35.697892
0.409583 35.627221
0.410940 35.555299
0.412297 35.482104
0.413654 35.407613
0.415011 35.331804
0.416368 35.254654
0.417725 35.176143
0.419082 35.096247
0.420439 35.014944
0.421796 34.932214
0.423153 34.848033
0.424510 34.762382
0.425867 34.675237
0.427224 34.586579
0.428581 34.496386
0.429938 34.404638
0.431295 34.311314
0.432652 34.216393
0.434009 34.119857
0.435366 34.021685
0.436723 33.921858
0.438080 33.820358
0.439437 33.717166
0.440793 33.612263
0.442150 33.505632
0.443507 33.397256
0.444864 33.287117
0.446221 33.175200
0.447578 33.061488
0.448935 32.945967
0.450292 32.828620
0.451649 32.709433
0.453006 32.588393
0.454363 32.465486
0.455720 32.340699
0.457077 32.214020
0.458434 32.085437
0.459791 31.954939
0.461148 31.822516
0.462505 31.688157
0.463862 31.551853
0.465219 31.413594
0.466576 31.273374
0.467933 31.131185
0.469290 30.987018
0.470647 30.840869
0.472004 30.692730
0.473361 30.542598
0.474717 30.390467
0.476074 30.236334
0.477431 30.080195
0.478788 29.922047
0.480145 29.761889
0.481502 29.599719
0.482859 29.435535
0.484216 29.269338
0.485573 29.101127
0.486930 28.930904
0.488287 28.758670
0.489644 28.584426
0.491001 28.408175
0.492358 28.229921
0.493715 28.049666
0.495072 27.867414
0.496429 27.683171
0.497786 27.496942
0.499143 27.308731
0.500500 27.118545
0.501857 26.926390
0.503214 26.732274
0.504571 26.536204
0.505927 26.338188
0.507284 26.138233
0.508641 25.936350
0.509998 25.732547
0.511355 25.526834
0.512712 25.319221
0.514069 25.109718
0.515426 24.898336
0.516783 24.685086
0.518140 24.469980
0.519497 24.253030
0.520854 24.034248
0.522211 23.813647
0.523568 23.591239
0.524925 23.367038
0.526282 23.141058
0.527639 22.913312
0.528996 22.683815
0.530353 22.452582
0.531710 22.219626
0.533067 21.984963
0.534424 21.748609
0.535781 21.510580
0.537138 21.270890
0.538494 21.029557
0.539852 20.786597
0.541208 20.542026
0.542565 20.295861
0.543922 20.048120
0.545279 19.798820
0.546636 19.547978
0.547993 19.295613
0.549350 19.041743
0.550707 18.786385
0.552064 18.529558
0.553421 18.271281
0.554778 18.011573
0.556135 17.750453
0.557492 17.487940
0.558849 17.224053
0.560206 16.958813
0.561563 16.692238
0.562920 16.424349
0.564277 16.155166
0.565634 15.884710
0.566991 15.613000
0.568348 15.340057
0.569705 15.065902
0.571061 14.790556
0.572419 14.514041
0.573775 14.236376
0.575132 13.957584
0.576489 13.677686
0.577846 13.396703
0.579203 13.114658
0.580560 12.831572
0.581917 12.547466
0.583274 12.262364
0.584631 11.976288
0.585988 11.689259
0.587345 11.401300
0.588702 11.112433
0.590059 10.822682
0.591416 10.532069
0.592773 10.240617
0.594130 9.948349
0.595487 9.655287
0.596844 9.361455
0.598201 9.066876
0.599558 8.771574
0.600915 8.475571
0.602272 8.178891
0.603629 7.881558
0.604985 7.583595
0.606343 7.285027
0.607699 6.985875
0.609056 6.686166
0.610413 6.385921
0.611770 6.085165
0.613127 5.783923
0.614484 5.482218
0.615841 5.180074
0.617198 4.877515
0.618555 4.574566
0.619912 4.271250
0.621269 3.967593
0.622626 3.663617
0.623983 3.359348
0.625340 3.054810
0.626697 2.750027
0.628054 2.445024
0.629411 2.139824
0.630768 1.834453
0.632125 1.528935
0.633482 1.223295
0.634839 0.917556
0.636196 0.611742
0.637552 0.305877
0.638910 -0.002211


0.000000 38.412363
0.001175 38.412584
0.002350 38.413247
0.003525 38.414353
0.004701 38.415901
0.005876 38.417890
0.007051 38.420320
0.008226 38.423190
0.009401 38.426499
0.010577 38.430246
0.011752 38.434430
0.012927 38.439049
0.014102 38.444102
0.015277 38.449588
0.016452 38.455505
0.017627 38.461850
0.018803 38.468622
0.019978 38.475819
0.021153 38.483439
0.022328 38.491479
0.023503 38.499936
0.024678 38.508808
0.025854 38.518092
0.027029 38.527786
0.028204 38.537886
0.029379 38.548389
0.030554 38.559292
0.031729 38.570591
0.032905 38.582283
0.034080 38.594364
0.035255 38.606831
0.036430 38.619680
0.037605 38.632907
0.038780 38.646507
0.039955 38.660477
0.041131 38.674812
0.042306 38.689507
0.043481 38.704560
0.044656 38.719964
0.045831 38.735715
0.047006 38.751808
0.048182 38.768239
0.049357 38.785002
0.050532 38.802092
0.051707 38.819505
0.052882 38.837235
0.054057 38.855277
0.055233 38.873625
0.056408 38.892274
0.057583 38.911218
0.058758 38.930452
0.059933 38.949970
0.061108 38.969766
0.062284 38.989835
0.063459 39.010170
0.064634 39.030766
0.065809 39.051617
0.066984 39.072716
0.068159 39.094057
0.069334 39.115635
0.070510 39.137442
0.071685 39.159474
0.072860 39.181723
0.074035 39.204183
0.075210 39.226848
0.076385 39.249711
0.077561 39.272765
0.078736 39.296006
0.079911 39.319425
0.081086 39.343016
0.082261 39.366772
0.083436 39.390688
0.084612 39.414756
0.085787 39.438970
0.086962 39.463323
0.088137 39.487809
0.089312 39.512420
0.090487 39.537150
0.091663 39.561992
0.092838 39.586940
0.094013 39.611987
0.095188 39.637126
0.096363 39.662350
0.097538 39.687653
0.098714 39.713028
0.099889 39.738469
0.101064 39.763967
0.102239 39.789518
0.103414 39.815114
0.104589 39.840749
0.105764 39.866415
0.106940 39.892107
0.108115 39.917817
0.109290 39.943540
0.110465 39.969268
0.111640 39.994995
0.112815 40.020715
0.113991 40.046421
0.115166 40.072106
0.116341 40.097765
0.117516 40.123390
0.118691 40.148976
0.119867 40.174515
0.121042 40.200003
0.122217 40.225433
0.123392 40.250798
0.124567 40.276092
0.125742 40.301309
0.126917 40.326444
0.128093 40.351489
0.129268 40.376440
0.130443 40.401290
0.131618 40.426034
0.132793 40.450665
0.133968 40.475177
0.135144 40.499566
0.136319 40.523825
0.137494 40.547950
0.138669 40.571933
0.139844 40.595770
0.141019 40.619456
0.142195 40.642984
0.143370 40.666350
0.144545 40.689549
0.145720 40.712575
0.146895 40.735422
0.148070 40.758087
0.149246 40.780564
0.150421 40.802848
0.151596 40.824934
0.152771 40.846817
0.153946 40.868493
0.155121 40.889956
0.156297 40.911204
0.157472 40.932229
0.158647 40.953029
0.159822 40.973599
0.160997 40.993934
0.162172 41.014031
0.163347 41.033884
0.164523 41.053490
0.165698 41.072845
0.166873 41.091945
0.168048 41.110785
0.169223 41.129362
0.170398 41.147673
0.171574 41.165712
0.172749 41.183478
0.173924 41.200965
0.175099 41.218171
0.176274 41.235093
0.177449 41.251726
0.178624 41.268067
0.179800 41.284114
0.180975 41.299862
0.182150 41.315310
0.183325 41.330453
0.184500 41.345290
0.185675 41.359816
0.186851 41.374030
0.188026 41.387928
0.189201 41.401508
0.190376 41.414767
0.191551 41.427703
0.192726 41.440313
0.193902 41.452595
0.195077 41.464546
0.196252 41.476164
0.197427 41.487448
0.198602 41.498394
0.199777 41.509001
0.200953 41.519267
0.202128 41.529190
0.203303 41.538768
0.204478 41.547999
0.205653 41.556882
0.206828 41.565415
0.208004 41.573596
0.209179 41.581424
0.210354 41.588898
0.211529 41.596016
0.212704 41.602776
0.213879 41.609178
0.215055 41.615220
0.216230 41.620902
0.217405 41.626222
0.218580 41.631179
0.219755 41.635773
0.220930 41.640002
0.222106 41.643866
0.223281 41.647364
0.224456 41.650495
0.225631 41.653260
0.226806 41.655657
0.227981 41.657686
0.229157 41.659346
0.230332 41.660638
0.231507 41.661561
0.232682 41.662114
0.233857 41.662299

0.233857 41.662299
0.234536 41.662570
0.235214 41.663381
0.235893 41.664731
0.236571 41.666618
0.237250 41.669037
0.237928 41.671983
0.238606 41.675451
0.239285 41.679433
0.239963 41.683922
0.240642 41.688909
0.241320 41.694384
0.241999 41.700339
0.242677 41.706762
0.243356 41.713641
0.244034 41.720967
0.244713 41.728726
0.245391 41.736907
0.246070 41.745497
0.246748 41.754484
0.247427 41.763855
0.248105 41.773597
0.248784 41.783698
0.249462 41.794146
0.250141 41.804927
0.250819 41.816030
0.251498 41.827443
0.252176 41.839154
0.252854 41.851150
0.253533 41.863421
0.254211 41.875955
0.254890 41.888742
0.255568 41.901771
0.256247 41.915031
0.256925 41.928513
0.257604 41.942206
0.258282 41.956102
0.258961 41.970191
0.259639 41.984464
0.260318 41.998913
0.260996 42.013529
0.261675 42.028304
0.262353 42.043230
0.263032 42.058301
0.263710 42.073507
0.264389 42.088844
0.265067 42.104302
0.265746 42.119877
0.266424 42.135561
0.267103 42.151349
0.267781 42.167234
0.268460 42.183210
0.269138 42.199272
0.269817 42.215415
0.270495 42.231632
0.271174 42.247920
0.271852 42.264272
0.272531 42.280684
0.273209 42.297152
0.273887 42.313670
0.274566 42.330235
0.275244 42.346841
0.275923 42.363485
0.276601 42.380163
0.277280 42.396870
0.277958 42.413603
0.278637 42.430357
0.279315 42.447129
0.279994 42.463916
0.280672 42.480714
0.281351 42.497518
0.282029 42.514327
0.282708 42.531136
0.283386 42.547943
0.284065 42.564743
0.284743 42.581534
0.285422 42.598313
0.286100 42.615077
0.286778 42.631822
0.287457 42.648546
0.288135 42.665246
0.288814 42.681919
0.289492 42.698562
0.290171 42.715173
0.290849 42.731748
0.291528 42.748285
0.292206 42.764782
0.292885 42.781235
0.293563 42.797643
0.294242 42.814002
0.294920 42.830311
0.295599 42.846566
0.296277 42.862765
0.296956 42.878907
0.297634 42.894987
0.298313 42.911005
0.298991 42.926957
0.299670 42.942842
0.300348 42.958657
0.301027 42.974400
0.301705 42.990068
0.302384 43.005660
0.303062 43.021173
0.303741 43.036605
0.304419 43.051953
0.305098 43.067217
0.305776 43.082393
0.306454 43.097479
0.307133 43.112474
0.307811 43.127375
0.308490 43.142181
0.309168 43.156888
0.309847 43.171496
0.310525 43.186002
0.311204 43.200404
0.311882 43.214701
0.312561 43.228890
0.313239 43.242969
0.313918 43.256937
0.314596 43.270791
0.315275 43.284530
0.315953 43.298152
0.316632 43.311655
0.317310 43.325037
0.317989 43.338296
0.318667 43.351431
0.319346 43.364440
0.320024 43.377320
0.320703 43.390071
0.321381 43.402690
0.322059 43.415176
0.322738 43.427527
0.323416 43.439741
0.324095 43.451817
0.324773 43.463752
0.325452 43.475547
0.326130 43.487197
0.326809 43.498703
0.327487 43.510062
0.328166 43.521273
0.328844 43.532334
0.329523 43.543245
0.330201 43.554002
0.330880 43.564605
0.331558 43.575052
0.332237 43.585341
0.332915 43.595472
0.333594 43.605442
0.334272 43.615251
0.334951 43.624897
0.335629 43.634378
0.336307 43.643693
0.336986 43.652841
0.337664 43.661820
0.338343 43.670629
0.339021 43.679267
0.339700 43.687732
0.340378 43.696024
0.341057 43.704140
0.341735 43.712080
0.342414 43.719842
0.343092 43.727425
0.343771 43.734828
0.344449 43.742050
0.345128 43.749090
0.345806 43.755946
0.346485 43.762618
0.347163 43.769104
0.347842 43.775404
0.348520 43.781515
0.349199 43.787438
0.349877 43.793171
0.350556 43.798713
0.351234 43.804064
0.351913 43.809222
0.352591 43.814186
0.353270 43.818956
0.353948 43.823530
0.354627 43.827908
0.355305 43.832090
0.355984 43.836073
0.356662 43.839858
0.357340 43.843443
0.358019 43.846829
0.358697 43.850013
0.359376 43.852996
0.360054 43.855777
0.360733 43.858355
0.361411 43.860730
0.362090 43.862901
0.362768 43.864867
0.363447 43.866629
0.364125 43.868184
0.364804 43.869534
0.365482 43.870677
0.366161 43.871613
0.366839 43.872341
0.367518 43.872862
0.368196 43.873175
0.368875 43.873279

0.368875 43.873279
0.370231 43.872862
0.371588 43.871607
0.372945 43.869513
0.374302 43.866579
0.375659 43.862804
0.377016 43.858189
0.378373 43.852732
0.379730 43.846434
0.381087 43.839297
0.382444 43.831322
0.383801 43.822511
0.385158 43.812865
0.386515 43.802389
0.387872 43.791085
0.389229 43.778956
0.390586 43.766008
0.391943 43.752244
0.393300 43.737671
0.394657 43.722292
0.396014 43.706115
0.397371 43.689146
0.398728 43.671391
0.400085 43.652858
0.401442 43.633555
0.402799 43.613489
0.404156 43.592670
0.405512 43.571106
0.406869 43.548807
0.408226 43.525782
0.409583 43.502041
0.410940 43.477596
0.412297 43.452456
0.413654 43.426634
0.415011 43.400140
0.416368 43.372986
0.417725 43.345185
0.419082 43.316749
0.420439 43.287690
0.421796 43.258022
0.423153 43.227758
0.424510 43.196911
0.425867 43.165496
0.427224 43.133525
0.428581 43.101013
0.429938 43.067973
0.431295 43.034422
0.432652 43.000372
0.434009 42.965838
0.435366 42.930836
0.436723 42.895379
0.438080 42.859483
0.439437 42.823162
0.440793 42.786431
0.442150 42.749306
0.443507 42.711800
0.444864 42.673929
0.446221 42.635708
0.447578 42.597151
0.448935 42.558273
0.450292 42.519088
0.451649 42.479611
0.453006 42.439856
0.454363 42.399838
0.455720 42.359570
0.457077 42.319067
0.458434 42.278342
0.459791 42.237409
0.461148 42.196281
0.462505 42.154971
0.463862 42.113493
0.465219 42.071860
0.466576 42.030084
0.467933 41.988177
0.469290 41.946153
0.470647 41.904022
0.472004 41.861797
0.473361 41.819489
0.474717 41.777111
0.476074 41.734672
0.477431 41.692184
0.478788 41.649659
0.480145 41.607106
0.481502 41.564535
0.482859 41.521958
0.484216 41.479383
0.485573 41.436822
0.486930 41.394283
0.488287 41.351775
0.489644 41.309308
0.491001 41.266892
0.492358 41.224534
0.493715 41.182243
0.495072 41.140029
0.496429 41.097900
0.497786 41.055862
0.499143 41.013926
0.500500 40.972099
0.501857 40.930388
0.503214 40.888801
0.504571 40.847346
0.505927 40.806030
0.507284 40.764861
0.508641 40.723846
0.509998 40.682992
0.511355 40.642306
0.512712 40.601795
0.514069 40.561466
0.515426 40.521326
0.516783 40.481381
0.518140 40.441639
0.519497 40.402105
0.520854 40.362787
0.522211 40.323691
0.523568 40.284823
0.524925 40.246189
0.526282 40.207797
0.527639 40.169652
0.528996 40.131761
0.530353 40.094130
0.531710 40.056765
0.533067 40.019672
0.534424 39.982858
0.535781 39.946328
0.537138 39.910089
0.538494 39.874146
0.539852 39.838507
0.541208 39.803176
0.542565 39.768159
0.543922 39.733464
0.545279 39.699095
0.546636 39.665059
0.547993 39.631361
0.549350 39.598007
0.550707 39.565003
0.552064 39.532356
0.553421 39.500070
0.554778 39.468152
0.556135 39.436607
0.557492 39.405441
0.558849 39.374659
0.560206 39.344268
0.561563 39.314273
0.562920 39.284679
0.564277 39.255492
0.565634 39.226718
0.566991 39.198362
0.568348 39.170429
0.569705 39.142925
0.571061 39.115855
0.572419 39.089224
0.573775 39.063038
0.575132 39.037301
0.576489 39.012020
0.577846 38.987198
0.579203 38.962842
0.580560 38.938955
0.581917 38.915543
0.583274 38.892611
0.584631 38.870162
0.585988 38.848203
0.587345 38.826737
0.588702 38.805770
0.590059 38.785305
0.591416 38.765346
0.592773 38.745899
0.594130 38.726966
0.595487 38.708553
0.596844 38.690664
0.598201 38.673301
0.599558 38.656470
0.600915 38.640173
0.602272 38.624414
0.603629 38.609197
0.604985 38.594525
0.606343 38.580401
0.607699 38.566829
0.609056 38.553812
0.610413 38.541352
0.611770 38.529452
0.613127 38.518116
0.614484 38.507344
0.615841 38.497141
0.617198 38.487509
0.618555 38.478449
0.619912 38.469963
0.621269 38.462055
0.622626 38.454724
0.623983 38.447974
0.625340 38.441806
0.626697 38.436220
0.628054 38.431219
0.629411 38.426804
0.630768 38.422975
0.632125 38.419734
0.633482 38.417081
0.634839 38.415017
0.636196 38.413542
0.637552 38.412658
0.638910 38.412363



