# distance  frequency (bands are separated by blank lines)
# End points of segments: 
#   0.00000000 0.23385710 0.36887440 0.63890910 
0.000000 -0.001563
0.001175 0.087031
0.002350 0.174081
0.003525 0.261123
0.004701 0.348158
0.005876 0.435185
0.007051 0.522202
0.008226 0.609207
0.009401 0.696199
0.010577 0.783175
0.011752 0.870134
0.012927 0.957074
0.014102 1.043992
0.015277 1.130888
0.016452 1.217759
0.017627 1.304603
0.018803 1.391419
0.019978 1.478204
0.021153 1.564956
0.022328 1.651674
0.023503 1.738356
0.024678 1.825000
0.025854 1.911605
0.027029 1.998167
0.028204 2.084686
0.029379 2.171159
0.030554 2.257585
0.031729 2.343962
0.032905 2.430288
0.034080 2.516561
0.035255 2.602780
0.036430 2.688942
0.037605 2.775047
0.038780 2.861091
0.039955 2.947074
0.041131 3.032993
0.042306 3.118847
0.043481 3.204634
0.044656 3.290352
0.045831 3.376000
0.047006 3.461575
0.048182 3.547077
0.049357 3.632503
0.050532 3.717852
0.051707 3.803121
0.052882 3.888310
0.054057 3.973417
0.055233 4.058440
0.056408 4.143377
0.057583 4.228227
0.058758 4.312988
0.059933 4.397658
0.061108 4.482236
0.062284 4.566720
0.063459 4.651109
0.064634 4.735401
0.065809 4.819595
0.066984 4.903688
0.068159 4.987679
0.069334 5.071568
0.070510 5.155351
0.071685 5.239029
0.072860 5.322598
0.074035 5.406058
0.075210 5.489407
0.076385 5.572644
0.077561 5.655767
0.078736 5.738774
0.079911 5.821664
0.081086 5.904436
0.082261 5.987088
0.083436 6.069619
0.084612 6.152027
0.085787 6.234310
0.086962 6.316468
0.088137 6.398498
0.089312 6.480400
0.090487 6.562171
0.091663 6.643811
0.092838 6.725317
0.094013 6.806689
0.095188 6.887924
0.096363 6.969021
0.097538 7.049980
0.098714 7.130798
0.099889 7.211473
0.101064 7.292005
0.102239 7.372391
0.103414 7.452630
0.104589 7.532721
0.105764 7.612662
0.106940 7.692451
0.108115 7.772087
0.109290 7.851568
0.110465 7.930892
0.111640 8.010057
0.112815 8.089063
0.113991 8.167907
0.115166 8.246587
0.116341 8.325101
0.117516 8.403448
0.118691 8.481626
0.119867 8.559633
0.121042 8.637466
0.122217 8.715123
0.123392 8.792604
0.124567 8.869904
0.125742 8.947022
0.126917 9.023957
0.128093 9.100704
0.129268 9.177262
0.130443 9.253629
0.131618 9.329801
0.132793 9.405776
0.133968 9.481552
0.135144 9.557124
0.136319 9.632491
0.137494 9.707648
0.138669 9.782593
0.139844 9.857323
0.141019 9.931833
0.142195 10.006120
0.143370 10.080180
0.144545 10.154010
0.145720 10.227604
0.146895 10.300959
0.148070 10.374070
0.149246 10.446932
0.150421 10.519540
0.151596 10.591889
0.152771 10.663974
0.153946 10.735788
0.155121 10.807326
0.156297 10.878582
0.157472 10.949548
0.158647 11.020218
0.159822 11.090585
0.160997 11.160640
0.162172 11.230377
0.163347 11.299786
0.164523 11.368859
0.165698 11.437586
0.166873 11.505958
0.168048 11.573964
0.169223 11.641593
0.170398 11.708835
0.171574 11.775676
0.172749 11.842105
0.173924 11.908109
0.175099 11.973672
0.176274 12.038781
0.177449 12.103420
0.178624 12.167573
0.179800 12.231222
0.180975 12.294350
0.182150 12.356936
0.183325 12.418963
0.184500 12.480407
0.185675 12.541247
0.186851 12.601459
0.188026 12.661019
0.189201 12.719900
0.190376 12.778076
0.191551 12.835518
0.192726 12.892195
0.193902 12.948076
0.195077 13.003128
0.196252 13.057315
0.197427 13.110602
0.198602 13.162950
0.199777 13.214319
0.200953 13.264667
0.202128 13.313952
0.203303 13.362127
0.204478 13.409146
0.205653 13.454960
0.206828 13.499519
0.208004 13.542771
0.209179 13.584662
0.210354 13.625138
0.211529 13.664143
0.212704 13.701620
0.213879 13.737511
0.215055 13.771757
0.216230 13.804302
0.217405 13.835085
0.218580 13.864050
0.219755 13.891140
0.220930 13.916300
0.222106 13.939476
0.223281 13.960616
0.224456 13.979673
0.225631 13.996603
0.226806 14.011363
0.227981 14.023917
0.229157 14.034233
0.230332 14.042286
0.231507 14.048053
0.232682 14.051519
0.233857 14.052676

0.233857 14.052676
0.234536 14.052730
0.235214 14.052894
0.235893 14.053167
0.236571 14.053549
0.237250 14.054040
0.237928 14.054640
0.238606 14.055349
0.239285 14.056168
0.239963 14.057096
0.240642 14.058133
0.241320 14.059280
0.241999 14.060536
0.242677 14.061902
0.243356 14.063377
0.244034 14.064962
0.244713 14.066656
0.245391 14.068461
0.246070 14.070375
0.246748 14.072399
0.247427 14.074533
0.248105 14.076777
0.248784 14.079132
0.249462 14.081597
0.250141 14.084172
0.250819 14.086858
0.251498 14.089655
0.252176 14.092562
0.252854 14.095581
0.253533 14.098711
0.254211 14.101952
0.254890 14.105304
0.255568 14.108768
0.256247 14.112343
0.256925 14.116031
0.257604 14.119830
0.258282 14.123742
0.258961 14.127766
0.259639 14.131902
0.260318 14.136152
0.260996 14.140514
0.261675 14.144989
0.262353 14.149578
0.263032 14.154280
0.263710 14.159095
0.264389 14.164025
0.265067 14.169069
0.265746 14.174227
0.266424 14.179499
0.267103 14.184886
0.267781 14.190388
0.268460 14.196005
0.269138 14.201738
0.269817 14.207586
0.270495 14.213550
0.271174 14.219630
0.271852 14.225826
0.272530 14.232139
0.273209 14.238569
0.273887 14.245115
0.274566 14.251779
0.275244 14.258561
0.275923 14.265460
0.276601 14.272477
0.277280 14.279612
0.277958 14.286866
0.278637 14.294238
0.279315 14.301729
0.279994 14.309340
0.280672 14.317070
0.281351 14.324920
0.282029 14.332890
0.282708 14.340980
0.283386 14.349191
0.284065 14.357522
0.284743 14.365975
0.285421 14.374549
0.286100 14.383244
0.286778 14.392061
0.287457 14.401001
0.288135 14.410062
0.288814 14.419247
0.289492 14.428554
0.290171 14.437984
0.290849 14.447538
0.291528 14.457215
0.292206 14.467017
0.292885 14.476942
0.293563 14.486992
0.294242 14.497166
0.294920 14.507466
0.295599 14.517891
0.296277 14.528441
0.296956 14.539117
0.297634 14.549918
0.298313 14.560846
0.298991 14.571900
0.299670 14.583081
0.300348 14.594389
0.301026 14.605824
0.301705 14.617387
0.302384 14.629077
0.303062 14.640895
0.303741 14.652841
0.304419 14.664915
0.305097 14.677118
0.305776 14.689449
0.306454 14.701909
0.307133 14.714499
0.307811 14.727218
0.308490 14.740066
0.309168 14.753044
0.309847 14.766153
0.310525 14.779391
0.311204 14.792759
0.311882 14.806259
0.312561 14.819888
0.313239 14.833649
0.313918 14.847541
0.314596 14.861564
0.315275 14.875718
0.315953 14.890004
0.316632 14.904421
0.317310 14.918970
0.317989 14.933652
0.318667 14.948465
0.319346 14.963411
0.320024 14.978488
0.320702 14.993699
0.321381 15.009042
0.322059 15.024517
0.322738 15.040125
0.323416 15.055867
0.324095 15.071741
0.324773 15.087748
0.325452 15.103888
0.326130 15.120162
0.326809 15.136569
0.327487 15.153109
0.328166 15.169782
0.328844 15.186589
0.329523 15.203529
0.330201 15.220603
0.330880 15.237810
0.331558 15.255151
0.332237 15.272625
0.332915 15.290233
0.333593 15.307974
0.334272 15.325849
0.334950 15.343857
0.335629 15.361999
0.336307 15.380274
0.336986 15.398682
0.337664 15.417224
0.338343 15.435899
0.339021 15.454707
0.339700 15.473649
0.340378 15.492723
0.341057 15.511930
0.341735 15.531271
0.342414 15.550743
0.343092 15.570349
0.343771 15.590087
0.344449 15.609957
0.345128 15.629960
0.345806 15.650094
0.346485 15.670361
0.347163 15.690759
0.347842 15.711289
0.348520 15.731950
0.349199 15.752742
0.349877 15.773666
0.350556 15.794720
0.351234 15.815905
0.351913 15.837220
0.352591 15.858665
0.353269 15.880240
0.353948 15.901945
0.354626 15.923779
0.355305 15.945742
0.355983 15.967834
0.356662 15.990055
0.357340 16.012403
0.358019 16.034880
0.358697 16.057484
0.359376 16.080216
0.360054 16.103074
0.360733 16.126059
0.361411 16.149170
0.362090 16.172407
0.362768 16.195770
0.363447 16.219258
0.364125 16.242871
0.364804 16.266608
0.365482 16.290468
0.366160 16.314453
0.366839 16.338561
0.367517 16.362791
0.368196 16.387143
0.368874 16.411613

0.368874 16.411613
0.370231 16.362315
0.371588 16.312565
0.372945 16.262362
0.374302 16.211708
0.375659 16.160605
0.377016 16.109053
0.378373 16.057054
0.379730 16.004609
0.381087 15.951720
0.382444 15.898387
0.383801 15.844612
0.385158 15.790397
0.386515 15.735742
0.387872 15.680649
0.389229 15.625119
0.390586 15.569154
0.391943 15.512755
0.393300 15.455923
0.394657 15.398660
0.396014 15.340968
0.397371 15.282847
0.398728 15.224300
0.400085 15.165327
0.401441 15.105930
0.402798 15.046110
0.404155 14.985870
0.405512 14.925210
0.406869 14.864132
0.408226 14.802638
0.409583 14.740729
0.410940 14.678407
0.412297 14.615673
0.413654 14.552528
0.415011 14.488976
0.416368 14.425016
0.417725 14.360651
0.419082 14.295882
0.420439 14.230712
0.421796 14.165140
0.423153 14.099171
0.424510 14.032804
0.425867 13.966042
0.427224 13.898886
0.428581 13.831339
0.429938 13.763401
0.431295 13.695075
0.432652 13.626362
0.434008 13.557264
0.435365 13.487784
0.436722 13.417922
0.438079 13.347680
0.439436 13.277061
0.440793 13.206066
0.442150 13.134697
0.443507 13.062956
0.444864 12.990845
0.446221 12.918365
0.447578 12.845519
0.448935 12.772309
0.450292 12.698736
0.451649 12.624802
0.453006 12.550509
0.454363 12.475860
0.455720 12.400856
0.457077 12.325499
0.458434 12.249791
0.459791 12.173735
0.461148 12.097332
0.462504 12.020584
0.463861 11.943493
0.465218 11.866061
0.466575 11.788291
0.467932 11.710185
0.469289 11.631744
0.470646 11.552971
0.472003 11.473867
0.473360 11.394436
0.474717 11.314678
0.476074 11.234597
0.477431 11.154194
0.478788 11.073472
0.480145 10.992432
0.481502 10.911078
0.482859 10.829410
0.484216 10.747432
0.485573 10.665145
0.486930 10.582553
0.488287 10.499656
0.489644 10.416458
0.491001 10.332960
0.492358 10.249165
0.493715 10.165076
0.495071 10.080694
0.496428 9.996022
0.497785 9.911062
0.499142 9.825816
0.500499 9.740288
0.501856 9.654478
0.503213 9.568390
0.504570 9.482026
0.505927 9.395389
0.507284 9.308480
0.508641 9.221302
0.509998 9.133858
0.511355 9.046150
0.512712 8.958181
0.514069 8.869952
0.515426 8.781467
0.516783 8.692728
0.518140 8.603737
0.519497 8.514497
0.520854 8.425010
0.522211 8.335279
0.523568 8.245306
0.524925 8.155095
0.526282 8.064647
0.527639 7.973964
0.528995 7.883051
0.530353 7.791908
0.531709 7.700539
0.533066 7.608947
0.534423 7.517133
0.535780 7.425101
0.537137 7.332853
0.538494 7.240391
0.539851 7.147719
0.541208 7.054839
0.542565 6.961754
0.543922 6.868466
0.545279 6.774977
0.546636 6.681292
0.547993 6.587411
0.549350 6.493339
0.550707 6.399077
0.552064 6.304629
0.553421 6.209997
0.554778 6.115183
0.556135 6.020191
0.557492 5.925023
0.558849 5.829682
0.560206 5.734171
0.561562 5.638492
0.562919 5.542649
0.564276 5.446643
0.565633 5.350479
0.566990 5.254158
0.568347 5.157683
0.569704 5.061057
0.571061 4.964283
0.572418 4.867364
0.573775 4.770302
0.575132 4.673101
0.576489 4.575763
0.577846 4.478290
0.579203 4.380687
0.580560 4.282955
0.581917 4.185098
0.583274 4.087118
0.584631 3.989018
0.585988 3.890801
0.587345 3.792470
0.588702 3.694028
0.590059 3.595477
0.591416 3.496821
0.592773 3.398062
0.594129 3.299204
0.595486 3.200249
0.596843 3.101200
0.598200 3.002059
0.599557 2.902831
0.600914 2.803517
0.602271 2.704121
0.603628 2.604646
0.604985 2.505094
0.606342 2.405468
0.607699 2.305772
0.609056 2.206008
0.610413 2.106179
0.611770 2.006288
0.613127 1.906338
0.614484 1.806332
0.615841 1.706273
0.617198 1.606164
0.618555 1.506008
0.619912 1.405807
0.621269 1.305565
0.622626 1.205284
0.623983 1.104969
0.625340 1.004620
0.626696 0.904242
0.628053 0.803837
0.629410 0.703409
0.630767 0.602960
0.632124 0.502493
0.633481 0.402011
0.634838 0.301517
0.636195 0.201013
0.637552 0.100499
0.638909 -0.001563


0.000000 -0.001563
0.001175 0.260421
0.002350 0.520837
0.003525 0.781230
0.004701 1.041592
0.005876 1.301911
0.007051 1.562178
0.008226 1.822381
0.009401 2.082511
0.010577 2.342556
0.011752 2.602506
0.012927 2.862351
0.014102 3.122081
0.015277 3.381684
0.016452 3.641150
0.017627 3.900469
0.018803 4.159630
0.019978 4.418623
0.021153 4.677438
0.022328 4.936064
0.023503 5.194490
0.024678 5.452706
0.025854 5.710702
0.027029 5.968468
0.028204 6.225993
0.029379 6.483266
0.030554 6.740279
0.031729 6.997019
0.032905 7.253477
0.034080 7.509643
0.035255 7.765506
0.036430 8.021057
0.037605 8.276285
0.038780 8.531180
0.039955 8.785731
0.041131 9.039930
0.042306 9.293765
0.043481 9.547226
0.044656 9.800304
0.045831 10.052989
0.047006 10.305271
0.048182 10.557139
0.049357 10.808584
0.050532 11.059596
0.051707 11.310165
0.052882 11.560281
0.054057 11.809935
0.055233 12.059117
0.056408 12.307817
0.057583 12.556026
0.058758 12.803733
0.059933 13.050930
0.061108 13.297606
0.062284 13.543753
0.063459 13.789361
0.064634 14.034420
0.065809 14.278921
0.066984 14.522854
0.068159 14.766211
0.069334 15.008982
0.070510 15.251159
0.071685 15.492730
0.072860 15.733689
0.074035 15.974025
0.075210 16.213730
0.076385 16.452794
0.077561 16.691209
0.078736 16.928966
0.079911 17.166055
0.081086 17.402469
0.082261 17.638199
0.083436 17.873235
0.084612 18.107570
0.085787 18.341194
0.086962 18.574100
0.088137 18.806278
0.089312 19.037720
0.090487 19.268419
0.091663 19.498365
0.092838 19.727551
0.094013 19.955968
0.095188 20.183608
0.096363 20.410464
0.097538 20.636527
0.098714 20.861789
0.099889 21.086242
0.101064 21.309879
0.102239 21.532692
0.103414 21.754674
0.104589 21.975816
0.105764 22.196111
0.106940 22.415551
0.108115 22.634130
0.109290 22.851840
0.110465 23.068673
0.111640 23.284623
0.112815 23.499682
0.113991 23.713844
0.115166 23.927100
0.116341 24.139445
0.117516 24.350871
0.118691 24.561372
0.119867 24.770941
0.121042 24.979571
0.122217 25.187255
0.123392 25.393988
0.124567 25.599763
0.125742 25.804573
0.126917 26.008413
0.128093 26.211275
0.129268 26.413155
0.130443 26.614045
0.131618 26.813940
0.132793 27.012834
0.133968 27.210721
0.135144 27.407596
0.136319 27.603453
0.137494 27.798286
0.138669 27.992089
0.139844 28.184858
0.141019 28.376587
0.142195 28.567271
0.143370 28.756905
0.144545 28.945483
0.145720 29.133001
0.146895 29.319453
0.148070 29.504835
0.149246 29.689142
0.150421 29.872370
0.151596 30.054513
0.152771 30.235568
0.153946 30.415529
0.155121 30.594394
0.156297 30.772156
0.157472 30.948813
0.158647 31.124360
0.159822 31.298793
0.160997 31.472109
0.162172 31.644302
0.163347 31.815371
0.164523 31.985310
0.165698 32.154117
0.166873 32.321788
0.168048 32.488320
0.169223 32.653709
0.170398 32.817952
0.171574 32.981046
0.172749 33.142988
0.173924 33.303775
0.175099 33.463404
0.176274 33.621872
0.177449 33.779176
0.178624 33.935315
0.179800 34.090285
0.180975 34.244083
0.182150 34.396708
0.183325 34.548156
0.184500 34.698427
0.185675 34.847516
0.186851 34.995423
0.188026 35.142145
0.189201 35.287680
0.190376 35.432025
0.191551 35.575180
0.192726 35.717141
0.193902 35.857907
0.195077 35.997476
0.196252 36.135846
0.197427 36.273015
0.198602 36.408980
0.199777 36.543740
0.200953 36.677293
0.202128 36.809634
0.203303 36.940763
0.204478 37.070676
0.205653 37.199370
0.206828 37.326841
0.208004 37.453085
0.209179 37.578096
0.210354 37.701869
0.211529 37.824397
0.212704 37.945671
0.213879 38.065680
0.215055 38.184411
0.216230 38.301847
0.217405 38.417966
0.218580 38.532741
0.219755 38.646132
0.220930 38.758090
0.222106 38.868542
0.223281 38.977388
0.224456 39.084479
0.225631 39.189586
0.226806 39.292346
0.227981 39.392145
0.229157 39.487879
0.230332 39.577412
0.231507 39.656292
0.232682 39.715131
0.233857 39.738126

0.233857 18.630888
0.234536 18.631463
0.235214 18.633189
0.235893 18.636065
0.236571 18.640089
0.237250 18.645262
0.237928 18.651581
0.238606 18.659045
0.239285 18.667651
0.239963 18.677397
0.240642 18.688281
0.241320 18.700299
0.241999 18.713448
0.242677 18.727724
0.243356 18.743123
0.244034 18.759640
0.244713 18.777273
0.245391 18.796014
0.246070 18.815859
0.246748 18.836803
0.247427 18.858840
0.248105 18.881963
0.248784 18.906167
0.249462 18.931445
0.250141 18.957789
0.250819 18.985193
0.251498 19.013650
0.252176 19.043152
0.252854 19.073690
0.253533 19.105257
0.254211 19.137845
0.254890 19.171444
0.255568 19.206047
0.256247 19.241644
0.256925 19.278225
0.257604 19.315783
0.258282 19.354306
0.258961 19.393785
0.259639 19.434211
0.260318 19.475573
0.260996 19.517861
0.261675 19.561064
0.262353 19.605171
0.263032 19.650173
0.263710 19.696058
0.264389 19.742815
0.265067 19.790433
0.265746 19.838900
0.266424 19.888205
0.267103 19.938337
0.267781 19.989284
0.268460 20.041034
0.269138 20.093576
0.269817 20.146897
0.270495 20.200985
0.271174 20.255829
0.271852 20.311415
0.272530 20.367733
0.273209 20.424769
0.273887 20.482511
0.274566 20.540946
0.275244 20.600062
0.275923 20.659847
0.276601 20.720288
0.277280 20.781372
0.277958 20.843086
0.278637 20.905418
0.279315 20.968355
0.279994 21.031883
0.280672 21.095991
0.281351 21.160665
0.282029 21.225892
0.282708 21.291659
0.283386 21.357954
0.284065 21.424763
0.284743 21.492073
0.285421 21.559871
0.286100 21.628144
0.286778 21.696880
0.287457 21.766064
0.288135 21.835684
0.288814 21.905726
0.289492 21.976178
0.290171 22.047026
0.290849 22.118257
0.291528 22.189858
0.292206 22.261815
0.292885 22.334116
0.293563 22.406746
0.294242 22.479693
0.294920 22.552944
0.295599 22.626484
0.296277 22.700301
0.296956 22.774381
0.297634 22.848711
0.298313 22.923277
0.298991 22.998066
0.299670 23.073064
0.300348 23.148257
0.301026 23.223633
0.301705 23.299176
0.302384 23.374874
0.303062 23.450713
0.303741 23.526678
0.304419 23.602756
0.305097 23.678933
0.305776 23.755195
0.306454 23.831527
0.307133 23.907916
0.307811 23.984347
0.308490 24.060805
0.309168 24.137277
0.309847 24.213746
0.310525 24.290200
0.311204 24.366623
0.311882 24.442999
0.312561 24.519314
0.313239 24.595553
0.313918 24.671699
0.314596 24.747739
0.315275 24.823655
0.315953 24.899432
0.316632 24.975054
0.317310 25.050505
0.317989 25.125768
0.318667 25.200826
0.319346 25.275663
0.320024 25.350262
0.320702 25.424606
0.321381 25.498676
0.322059 25.572455
0.322738 25.645925
0.323416 25.719069
0.324095 25.791866
0.324773 25.864299
0.325452 25.936348
0.326130 26.007994
0.326809 26.079218
0.327487 26.149998
0.328166 26.220316
0.328844 26.290149
0.329523 26.359478
0.330201 26.428281
0.330880 26.496536
0.331558 26.564222
0.332237 26.631315
0.332915 26.697794
0.333593 26.763635
0.334272 26.828815
0.334950 26.893311
0.335629 26.957097
0.336307 27.020150
0.336986 27.082446
0.337664 27.143958
0.338343 27.204663
0.339021 27.264533
0.339700 27.323544
0.340378 27.381669
0.341057 27.438881
0.341735 27.495155
0.342414 27.550464
0.343092 27.604780
0.343771 27.658076
0.344449 27.710326
0.345128 27.761503
0.345806 27.811579
0.346485 27.860527
0.347163 27.908321
0.347842 27.954933
0.348520 28.000338
0.349199 28.044508
0.349877 28.087419
0.350556 28.129044
0.351234 28.169359
0.351913 28.208340
0.352591 28.245962
0.353269 28.282204
0.353948 28.317041
0.354626 28.350454
0.355305 28.382422
0.355983 28.412926
0.356662 28.441947
0.357340 28.469468
0.358019 28.495474
0.358697 28.519949
0.359376 28.542881
0.360054 28.564258
0.360733 28.584069
0.361411 28.602306
0.362090 28.618962
0.362768 28.634029
0.363447 28.647506
0.364125 28.659388
0.364804 28.669674
0.365482 28.678366
0.366160 28.685466
0.366839 28.690976
0.367517 28.694904
0.368196 28.697254
0.368874 28.698035

0.368874 16.411632
0.370231 16.460945
0.371588 16.510739
0.372945 16.561010
0.374302 16.611756
0.375659 16.662970
0.377016 16.714650
0.378373 16.766790
0.379730 16.819387
0.381087 16.872434
0.382444 16.925928
0.383801 16.979863
0.385158 17.034235
0.386515 17.089037
0.387872 17.144265
0.389229 17.199912
0.390586 17.255974
0.391943 17.312444
0.393300 17.369317
0.394657 17.426586
0.396014 17.484246
0.397371 17.542289
0.398728 17.600710
0.400085 17.659502
0.401441 17.718658
0.402798 17.778172
0.404155 17.838037
0.405512 17.898246
0.406869 17.958791
0.408226 18.019666
0.409583 18.080863
0.410940 18.142375
0.412297 18.204194
0.413654 18.266313
0.415011 18.328725
0.416368 18.391421
0.417725 18.454393
0.419082 18.517635
0.420439 18.581136
0.421796 18.644891
0.423153 18.708890
0.424510 18.773125
0.425867 18.837588
0.427224 18.902271
0.428581 18.967164
0.429938 19.032260
0.431295 19.097551
0.432652 19.163026
0.434008 19.228678
0.435365 19.294498
0.436722 19.360477
0.438079 19.426606
0.439436 19.492877
0.440793 19.559280
0.442150 19.625806
0.443507 19.692447
0.444864 19.759192
0.446221 19.826034
0.447578 19.892963
0.448935 19.959970
0.450292 20.027045
0.451649 20.094179
0.453006 20.161363
0.454363 20.228588
0.455720 20.295845
0.457077 20.363123
0.458434 20.430414
0.459791 20.497709
0.461148 20.564997
0.462504 20.632270
0.463861 20.699518
0.465218 20.766732
0.466575 20.833902
0.467932 20.901019
0.469289 20.968073
0.470646 21.035056
0.472003 21.101957
0.473360 21.168767
0.474717 21.235477
0.476074 21.302077
0.477431 21.368558
0.478788 21.434911
0.480145 21.501126
0.481502 21.567195
0.482859 21.633106
0.484216 21.698852
0.485573 21.764423
0.486930 21.829810
0.488287 21.895003
0.489644 21.959993
0.491001 22.024772
0.492358 22.089329
0.493715 22.153656
0.495071 22.217744
0.496428 22.281583
0.497785 22.345166
0.499142 22.408481
0.500499 22.471522
0.501856 22.534278
0.503213 22.596741
0.504570 22.658903
0.505927 22.720753
0.507284 22.782284
0.508641 22.843488
0.509998 22.904354
0.511355 22.964875
0.512712 23.025042
0.514069 23.084847
0.515426 23.144282
0.516783 23.203337
0.518140 23.262004
0.519497 23.320276
0.520854 23.378145
0.522211 23.435601
0.523568 23.492637
0.524925 23.549245
0.526282 23.605416
0.527639 23.661144
0.528995 23.716421
0.530353 23.771237
0.531709 23.825587
0.533066 23.879462
0.534423 23.932854
0.535780 23.985756
0.537137 24.038162
0.538494 24.090063
0.539851 24.141452
0.541208 24.192322
0.542565 24.242665
0.543922 24.292476
0.545279 24.341747
0.546636 24.390471
0.547993 24.438641
0.549350 24.486250
0.550707 24.533293
0.552064 24.579762
0.553421 24.625651
0.554778 24.670953
0.556135 24.715663
0.557492 24.759774
0.558849 24.803279
0.560206 24.846174
0.561562 24.888451
0.562919 24.930106
0.564276 24.971132
0.565633 25.011523
0.566990 25.051275
0.568347 25.090381
0.569704 25.128836
0.571061 25.166635
0.572418 25.203772
0.573775 25.240243
0.575132 25.276043
0.576489 25.311165
0.577846 25.345607
0.579203 25.379362
0.580560 25.412427
0.581917 25.444796
0.583274 25.476465
0.584631 25.507431
0.585988 25.537687
0.587345 25.567231
0.588702 25.596059
0.590059 25.624166
0.591416 25.651548
0.592773 25.678203
0.594129 25.704125
0.595486 25.729312
0.596843 25.753759
0.598200 25.777465
0.599557 25.800425
0.600914 25.822636
0.602271 25.844096
0.603628 25.864801
0.604985 25.884748
0.606342 25.903936
0.607699 25.922360
0.609056 25.940019
0.610413 25.956910
0.611770 25.973031
0.613127 25.988379
0.614484 26.002953
0.615841 26.016751
0.617198 26.029770
0.618555 26.042010
0.619912 26.053467
0.621269 26.064141
0.622626 26.074031
0.623983 26.083134
0.625340 26.091450
0.626696 26.098977
0.628053 26.105714
0.629410 26.111661
0.630767 26.116817
0.632124 26.121181
0.633481 26.124752
0.634838 26.127530
0.636195 26.129515
0.637552 26.130706
0.638909 26.131103


0.000000 0.000000
0.001175 0.135972
0.002350 0.271942
0.003525 0.407900
0.004701 0.543842
0.005876 0.679762
0.007051 0.815655
0.008226 0.951516
0.009401 1.087339
0.010577 1.223118
0.011752 1.358849
0.012927 1.494525
0.014102 1.630142
0.015277 1.765694
0.016452 1.901176
0.017627 2.036581
0.018803 2.171905
0.019978 2.307143
0.021153 2.442288
0.022328 2.577335
0.023503 2.712279
0.024678 2.847114
0.025854 2.981835
0.027029 3.116436
0.028204 3.250911
0.029379 3.385256
0.030554 3.519464
0.031729 3.653531
0.032905 3.787449
0.034080 3.921215
0.035255 4.054822
0.036430 4.188264
0.037605 4.321536
0.038780 4.454632
0.039955 4.587548
0.041131 4.720276
0.042306 4.852811
0.043481 4.985147
0.044656 5.117280
0.045831 5.249202
0.047006 5.380909
0.048182 5.512394
0.049357 5.643651
0.050532 5.774676
0.051707 5.905461
0.052882 6.036001
0.054057 6.166290
0.055233 6.296322
0.056408 6.426092
0.057583 6.555592
0.058758 6.684818
0.059933 6.813763
0.061108 6.942421
0.062284 7.070786
0.063459 7.198851
0.064634 7.326611
0.065809 7.454060
0.066984 7.581191
0.068159 7.707998
0.069334 7.834474
0.070510 7.960614
0.071685 8.086411
0.072860 8.211859
0.074035 8.336951
0.075210 8.461681
0.076385 8.586042
0.077561 8.710028
0.078736 8.833632
0.079911 8.956847
0.081086 9.079668
0.082261 9.202087
0.083436 9.324097
0.084612 9.445692
0.085787 9.566865
0.086962 9.687610
0.088137 9.807918
0.089312 9.927784
0.090487 10.047200
0.091663 10.166159
0.092838 10.284655
0.094013 10.402679
0.095188 10.520226
0.096363 10.637287
0.097538 10.753855
0.098714 10.869924
0.099889 10.985485
0.101064 11.100532
0.102239 11.215056
0.103414 11.329051
0.104589 11.442508
0.105764 11.555420
0.106940 11.667780
0.108115 11.779579
0.109290 11.890810
0.110465 12.001465
0.111640 12.111536
0.112815 12.221016
0.113991 12.329895
0.115166 12.438166
0.116341 12.545821
0.117516 12.652851
0.118691 12.759249
0.119867 12.865006
0.121042 12.970114
0.122217 13.074563
0.123392 13.178347
0.124567 13.281455
0.125742 13.383880
0.126917 13.485613
0.128093 13.586645
0.129268 13.686967
0.130443 13.786571
0.131618 13.885447
0.132793 13.983587
0.133968 14.080981
0.135144 14.177621
0.136319 14.273497
0.137494 14.368600
0.138669 14.462921
0.139844 14.556450
0.141019 14.649179
0.142195 14.741097
0.143370 14.832195
0.144545 14.922464
0.145720 15.011895
0.146895 15.100476
0.148070 15.188200
0.149246 15.275056
0.150421 15.361034
0.151596 15.446125
0.152771 15.530318
0.153946 15.613605
0.155121 15.695974
0.156297 15.777417
0.157472 15.857922
0.158647 15.937481
0.159822 16.016083
0.160997 16.093718
0.162172 16.170376
0.163347 16.246047
0.164523 16.320721
0.165698 16.394388
0.166873 16.467038
0.168048 16.538661
0.169223 16.609246
0.170398 16.678784
0.171574 16.747264
0.172749 16.814677
0.173924 16.881013
0.175099 16.946261
0.176274 17.010412
0.177449 17.073456
0.178624 17.135383
0.179800 17.196183
0.180975 17.255847
0.182150 17.314365
0.183325 17.371727
0.184500 17.427923
0.185675 17.482946
0.186851 17.536784
0.188026 17.589429
0.189201 17.640871
0.190376 17.691103
0.191551 17.740114
0.192726 17.787896
0.193902 17.834440
0.195077 17.879738
0.196252 17.923782
0.197427 17.966562
0.198602 18.008072
0.199777 18.048303
0.200953 18.087248
0.202128 18.124899
0.203303 18.161248
0.204478 18.196289
0.205653 18.230014
0.206828 18.262418
0.208004 18.293492
0.209179 18.323232
0.210354 18.351630
0.211529 18.378682
0.212704 18.404381
0.213879 18.428722
0.215055 18.451700
0.216230 18.473310
0.217405 18.493548
0.218580 18.512409
0.219755 18.529890
0.220930 18.545986
0.222106 18.560694
0.223281 18.574011
0.224456 18.585935
0.225631 18.596461
0.226806 18.605589
0.227981 18.613316
0.229157 18.619640
0.230332 18.624560
0.231507 18.628075
0.232682 18.630185
0.233857 18.630888

0.233857 18.900314
0.234536 18.900250
0.235214 18.900058
0.235893 18.899738
0.236571 18.899290
0.237250 18.898714
0.237928 18.898009
0.238606 18.897177
0.239285 18.896217
0.239963 18.895128
0.240642 18.893912
0.241320 18.892567
0.241999 18.891095
0.242677 18.889494
0.243356 18.887766
0.244034 18.885909
0.244713 18.883925
0.245391 18.881812
0.246070 18.879572
0.246748 18.877203
0.247427 18.874707
0.248105 18.872083
0.248784 18.869330
0.249462 18.866450
0.250141 18.863442
0.250819 18.860307
0.251498 18.857043
0.252176 18.853652
0.252854 18.850132
0.253533 18.846485
0.254211 18.842711
0.254890 18.838808
0.255568 18.834778
0.256247 18.830620
0.256925 18.826334
0.257604 18.821921
0.258282 18.817380
0.258961 18.812712
0.259639 18.807916
0.260318 18.802992
0.260996 18.797941
0.261675 18.792762
0.262353 18.787456
0.263032 18.782023
0.263710 18.776462
0.264389 18.770773
0.265067 18.764958
0.265746 18.759015
0.266424 18.752945
0.267103 18.746747
0.267781 18.740423
0.268460 18.733971
0.269138 18.727392
0.269817 18.720686
0.270495 18.713853
0.271174 18.706892
0.271852 18.699805
0.272530 18.692591
0.273209 18.685250
0.273887 18.677782
0.274566 18.670188
0.275244 18.662466
0.275923 18.654618
0.276601 18.646643
0.277280 18.638542
0.277958 18.630314
0.278637 18.621959
0.279315 18.613478
0.279994 18.604870
0.280672 18.596136
0.281351 18.587276
0.282029 18.578289
0.282708 18.569176
0.283386 18.559937
0.284065 18.550572
0.284743 18.541080
0.285421 18.531463
0.286100 18.521719
0.286778 18.511850
0.287457 18.501854
0.288135 18.491733
0.288814 18.481486
0.289492 18.471114
0.290171 18.460615
0.290849 18.449992
0.291528 18.439242
0.292206 18.428367
0.292885 18.417367
0.293563 18.406241
0.294242 18.394990
0.294920 18.383614
0.295599 18.372113
0.296277 18.360486
0.296956 18.348735
0.297634 18.336858
0.298313 18.324857
0.298991 18.312731
0.299670 18.300480
0.300348 18.288104
0.301026 18.275604
0.301705 18.262979
0.302384 18.250230
0.303062 18.237356
0.303741 18.224358
0.304419 18.211236
0.305097 18.197990
0.305776 18.184619
0.306454 18.171124
0.307133 18.157506
0.307811 18.143763
0.308490 18.129897
0.309168 18.115907
0.309847 18.101794
0.310525 18.087556
0.311204 18.073196
0.311882 18.058712
0.312561 18.044105
0.313239 18.029374
0.313918 18.014520
0.314596 17.999544
0.315275 17.984444
0.315953 17.969221
0.316632 17.953876
0.317310 17.938408
0.317989 17.922817
0.318667 17.907104
0.319346 17.891268
0.320024 17.875310
0.320702 17.859229
0.321381 17.843027
0.322059 17.826702
0.322738 17.810256
0.323416 17.793687
0.324095 17.776997
0.324773 17.760185
0.325452 17.743252
0.326130 17.726197
0.326809 17.709020
0.327487 17.691723
0.328166 17.674304
0.328844 17.656764
0.329523 17.639103
0.330201 17.621321
0.330880 17.603418
0.331558 17.585395
0.332237 17.567251
0.332915 17.548987
0.333593 17.530602
0.334272 17.512097
0.334950 17.493472
0.335629 17.474727
0.336307 17.455861
0.336986 17.436876
0.337664 17.417772
0.338343 17.398547
0.339021 17.379204
0.339700 17.359740
0.340378 17.340158
0.341057 17.320456
0.341735 17.300636
0.342414 17.280696
0.343092 17.260638
0.343771 17.240461
0.344449 17.220165
0.345128 17.199751
0.345806 17.179219
0.346485 17.158569
0.347163 17.137800
0.347842 17.116913
0.348520 17.095909
0.349199 17.074787
0.349877 17.053547
0.350556 17.032190
0.351234 17.010716
0.351913 16.989124
0.352591 16.967415
0.353269 16.945589
0.353948 16.923647
0.354626 16.901588
0.355305 16.879412
0.355983 16.857120
0.356662 16.834711
0.357340 16.812186
0.358019 16.789546
0.358697 16.766789
0.359376 16.743917
0.360054 16.720929
0.360733 16.697825
0.361411 16.674607
0.362090 16.651273
0.362768 16.627824
0.363447 16.604260
0.364125 16.580581
0.364804 16.556787
0.365482 16.532879
0.366160 16.508857
0.366839 16.484721
0.367517 16.460470
0.368196 16.436106
0.368874 16.411632

0.368874 28.698035
0.370231 28.694930
0.371588 28.685683
0.372945 28.670405
0.374302 28.649227
0.375659 28.622293
0.377016 28.589761
0.378373 28.551797
0.379730 28.508578
0.381087 28.460283
0.382444 28.407097
0.383801 28.349205
0.385158 28.286793
0.386515 28.220044
0.387872 28.149139
0.389229 28.074255
0.390586 27.995564
0.391943 27.913232
0.393300 27.827421
0.394657 27.738286
0.396014 27.645975
0.397371 27.550629
0.398728 27.452385
0.400085 27.351371
0.401441 27.247711
0.402798 27.141521
0.404155 27.032911
0.405512 26.921988
0.406869 26.808851
0.408226 26.693594
0.409583 26.576307
0.410940 26.457075
0.412297 26.335979
0.413654 26.213094
0.415011 26.088493
0.416368 25.962245
0.417725 25.834415
0.419082 25.705065
0.420439 25.574253
0.421796 25.442036
0.423153 25.308466
0.424510 25.173595
0.425867 25.037471
0.427224 24.900139
0.428581 24.761645
0.429938 24.622029
0.431295 24.481332
0.432652 24.339592
0.434008 24.196846
0.435365 24.053131
0.436722 23.908478
0.438079 23.762922
0.439436 23.616493
0.440793 23.469222
0.442150 23.321137
0.443507 23.172267
0.444864 23.022638
0.446221 22.872277
0.447578 22.721209
0.448935 22.569457
0.450292 22.417047
0.451649 22.264000
0.453006 22.110338
0.454363 21.956084
0.455720 21.801258
0.457077 21.645879
0.458434 21.489969
0.459791 21.333546
0.461148 21.176628
0.462504 21.019234
0.463861 20.861381
0.465218 20.703087
0.466575 20.544368
0.467932 20.385241
0.469289 20.225722
0.470646 20.065825
0.472003 19.905568
0.473360 19.744963
0.474717 19.584027
0.476074 19.422772
0.477431 19.261214
0.478788 19.099365
0.480145 18.937239
0.481502 18.774849
0.482859 18.612207
0.484216 18.449327
0.485573 18.286220
0.486930 18.122898
0.488287 17.959374
0.489644 17.795658
0.491001 17.631761
0.492358 17.467695
0.493715 17.303471
0.495071 17.139099
0.496428 16.974589
0.497785 16.809952
0.499142 16.645197
0.500499 16.480334
0.501856 16.315373
0.503213 16.150322
0.504570 15.985192
0.505927 15.819991
0.507284 15.654727
0.508641 15.489409
0.509998 15.324045
0.511355 15.158645
0.512712 14.993214
0.514069 14.827762
0.515426 14.662296
0.516783 14.496822
0.518140 14.331350
0.519497 14.165884
0.520854 14.000433
0.522211 13.835003
0.523568 13.669600
0.524925 13.504231
0.526282 13.338902
0.527639 13.173618
0.528995 13.008386
0.530353 12.843211
0.531709 12.678099
0.533066 12.513055
0.534423 12.348083
0.535780 12.183189
0.537137 12.018377
0.538494 11.853653
0.539851 11.689019
0.541208 11.524481
0.542565 11.360043
0.543922 11.195708
0.545279 11.031480
0.546636 10.867363
0.547993 10.703360
0.549350 10.539473
0.550707 10.375706
0.552064 10.212063
0.553421 10.048544
0.554778 9.885154
0.556135 9.721893
0.557492 9.558765
0.558849 9.395771
0.560206 9.232913
0.561562 9.070192
0.562919 8.907611
0.564276 8.745169
0.565633 8.582869
0.566990 8.420712
0.568347 8.258697
0.569704 8.096826
0.571061 7.935099
0.572418 7.773517
0.573775 7.612079
0.575132 7.450786
0.576489 7.289636
0.577846 7.128631
0.579203 6.967769
0.580560 6.807050
0.581917 6.646473
0.583274 6.486037
0.584631 6.325740
0.585988 6.165582
0.587345 6.005562
0.588702 5.845676
0.590059 5.685925
0.591416 5.526306
0.592773 5.366817
0.594129 5.207456
0.595486 5.048220
0.596843 4.889108
0.598200 4.730117
0.599557 4.571244
0.600914 4.412487
0.602271 4.253843
0.603628 4.095308
0.604985 3.936880
0.606342 3.778555
0.607699 3.620330
0.609056 3.462203
0.610413 3.304168
0.611770 3.146224
0.613127 2.988365
0.614484 2.830589
0.615841 2.672891
0.617198 2.515268
0.618555 2.357715
0.619912 2.200229
0.621269 2.042805
0.622626 1.885440
0.623983 1.728128
0.625340 1.570866
0.626696 1.413649
0.628053 1.256473
0.629410 1.099334
0.630767 0.942226
0.632124 0.785146
0.633481 0.628089
0.634838 0.471050
0.636195 0.314024
0.637552 0.157005
0.638909 -0.001563


0.000000 26.131103
0.001175 26.130805
0.002350 26.129912
0.003525 26.128424
0.004701 26.126340
0.005876 26.123661
0.007051 26.120388
0.008226 26.116520
0.009401 26.112058
0.010577 26.107003
0.011752 26.101354
0.012927 26.095114
0.014102 26.088281
0.015277 26.080857
0.016452 26.072843
0.017627 26.064240
0.018803 26.055048
0.019978 26.045268
0.021153 26.034902
0.022328 26.023950
0.023503 26.012413
0.024678 26.000293
0.025854 25.987591
0.027029 25.974309
0.028204 25.960447
0.029379 25.946007
0.030554 25.930990
0.031729 25.915399
0.032905 25.899234
0.034080 25.882497
0.035255 25.865191
0.036430 25.847316
0.037605 25.828875
0.038780 25.809870
0.039955 25.790302
0.041131 25.770173
0.042306 25.749486
0.043481 25.728243
0.044656 25.706446
0.045831 25.684097
0.047006 25.661198
0.048182 25.637752
0.049357 25.613761
0.050532 25.589228
0.051707 25.564155
0.052882 25.538545
0.054057 25.512401
0.055233 25.485724
0.056408 25.458519
0.057583 25.430787
0.058758 25.402531
0.059933 25.373756
0.061108 25.344462
0.062284 25.314654
0.063459 25.284335
0.064634 25.253508
0.065809 25.222175
0.066984 25.190341
0.068159 25.158008
0.069334 25.125180
0.070510 25.091860
0.071685 25.058052
0.072860 25.023759
0.074035 24.988985
0.075210 24.953734
0.076385 24.918009
0.077561 24.881813
0.078736 24.845152
0.079911 24.808028
0.081086 24.770445
0.082261 24.732408
0.083436 24.693920
0.084612 24.654986
0.085787 24.615609
0.086962 24.575795
0.088137 24.535546
0.089312 24.494867
0.090487 24.453763
0.091663 24.412238
0.092838 24.370297
0.094013 24.327943
0.095188 24.285182
0.096363 24.242019
0.097538 24.198457
0.098714 24.154501
0.099889 24.110157
0.101064 24.065429
0.102239 24.020322
0.103414 23.974841
0.104589 23.928990
0.105764 23.882776
0.106940 23.836204
0.108115 23.789277
0.109290 23.742003
0.110465 23.694385
0.111640 23.646430
0.112815 23.598142
0.113991 23.549528
0.115166 23.500593
0.116341 23.451342
0.117516 23.401782
0.118691 23.351918
0.119867 23.301756
0.121042 23.251302
0.122217 23.200562
0.123392 23.149543
0.124567 23.098249
0.125742 23.046689
0.126917 22.994867
0.128093 22.942791
0.129268 22.890468
0.130443 22.837903
0.131618 22.785103
0.132793 22.732076
0.133968 22.678829
0.135144 22.625369
0.136319 22.571702
0.137494 22.517837
0.138669 22.463780
0.139844 22.409540
0.141019 22.355124
0.142195 22.300540
0.143370 22.245796
0.144545 22.190901
0.145720 22.135863
0.146895 22.080691
0.148070 22.025393
0.149246 21.969979
0.150421 21.914457
0.151596 21.858837
0.152771 21.803130
0.153946 21.747344
0.155121 21.691490
0.156297 21.635578
0.157472 21.579620
0.158647 21.523626
0.159822 21.467608
0.160997 21.411578
0.162172 21.355546
0.163347 21.299528
0.164523 21.243533
0.165698 21.187578
0.166873 21.131674
0.168048 21.075836
0.169223 21.020080
0.170398 20.964420
0.171574 20.908872
0.172749 20.853452
0.173924 20.798178
0.175099 20.743067
0.176274 20.688138
0.177449 20.633410
0.178624 20.578902
0.179800 20.524636
0.180975 20.470634
0.182150 20.416916
0.183325 20.363508
0.184500 20.310434
0.185675 20.257719
0.186851 20.205390
0.188026 20.153474
0.189201 20.102002
0.190376 20.051003
0.191551 20.000509
0.192726 19.950553
0.193902 19.901169
0.195077 19.852394
0.196252 19.804266
0.197427 19.756823
0.198602 19.710107
0.199777 19.664159
0.200953 19.619024
0.202128 19.574748
0.203303 19.531378
0.204478 19.488964
0.205653 19.447557
0.206828 19.407208
0.208004 19.367972
0.209179 19.329904
0.210354 19.293061
0.211529 19.257501
0.212704 19.223281
0.213879 19.190462
0.215055 19.159104
0.216230 19.129265
0.217405 19.101006
0.218580 19.074386
0.219755 19.049462
0.220930 19.026292
0.222106 19.004928
0.223281 18.985425
0.224456 18.967830
0.225631 18.952190
0.226806 18.938545
0.227981 18.926934
0.229157 18.917388
0.230332 18.909935
0.231507 18.904595
0.232682 18.901385
0.233857 18.900314

0.233857 39.738126
0.234536 39.737971
0.235214 39.737508
0.235893 39.736736
0.236571 39.735655
0.237250 39.734266
0.237928 39.732568
0.238606 39.730562
0.239285 39.728247
0.239963 39.725625
0.240642 39.722694
0.241320 39.719456
0.241999 39.715911
0.242677 39.712058
0.243356 39.707898
0.244034 39.703432
0.244713 39.698660
0.245391 39.693582
0.246070 39.688198
0.246748 39.682509
0.247427 39.676516
0.248105 39.670218
0.248784 39.663617
0.249462 39.656712
0.250141 39.649505
0.250819 39.641996
0.251498 39.634185
0.252176 39.626074
0.252854 39.617662
0.253533 39.608950
0.254211 39.599940
0.254890 39.590631
0.255568 39.581025
0.256247 39.571123
0.256925 39.560924
0.257604 39.550431
0.258282 39.539643
0.258961 39.528562
0.259639 39.517188
0.260318 39.505524
0.260996 39.493568
0.261675 39.481324
0.262353 39.468790
0.263032 39.455970
0.263710 39.442863
0.264389 39.429472
0.265067 39.415796
0.265746 39.401838
0.266424 39.387598
0.267103 39.373078
0.267781 39.358279
0.268460 39.343203
0.269138 39.327851
0.269817 39.312224
0.270495 39.296324
0.271174 39.280152
0.271852 39.263710
0.272530 39.246999
0.273209 39.230021
0.273887 39.212779
0.274566 39.195272
0.275244 39.177504
0.275923 39.159476
0.276601 39.141190
0.277280 39.122648
0.277958 39.103852
0.278637 39.084803
0.279315 39.065504
0.279994 39.045957
0.280672 39.026165
0.281351 39.006129
0.282029 38.985851
0.282708 38.965335
0.283386 38.944582
0.284065 38.923595
0.284743 38.902376
0.285421 38.880929
0.286100 38.859255
0.286778 38.837358
0.287457 38.815240
0.288135 38.792904
0.288814 38.770353
0.289492 38.747591
0.290171 38.724620
0.290849 38.701443
0.291528 38.678064
0.292206 38.654487
0.292885 38.630713
0.293563 38.606749
0.294242 38.582596
0.294920 38.558258
0.295599 38.533740
0.296277 38.509045
0.296956 38.484178
0.297634 38.459143
0.298313 38.433943
0.298991 38.408584
0.299670 38.383069
0.300348 38.357404
0.301026 38.331594
0.301705 38.305642
0.302384 38.279555
0.303062 38.253337
0.303741 38.226994
0.304419 38.200531
0.305097 38.173954
0.305776 38.147269
0.306454 38.120481
0.307133 38.093597
0.307811 38.066623
0.308490 38.039566
0.309168 38.012432
0.309847 37.985228
0.310525 37.957961
0.311204 37.930639
0.311882 37.903269
0.312561 37.875858
0.313239 37.848415
0.313918 37.820948
0.314596 37.793465
0.315275 37.765975
0.315953 37.738487
0.316632 37.711009
0.317310 37.683552
0.317989 37.656124
0.318667 37.628737
0.319346 37.601400
0.320024 37.574124
0.320702 37.546919
0.321381 37.519798
0.322059 37.492771
0.322738 37.465851
0.323416 37.439049
0.324095 37.412378
0.324773 37.385851
0.325452 37.359481
0.326130 37.333283
0.326809 37.307269
0.327487 37.281455
0.328166 37.255855
0.328844 37.230484
0.329523 37.205359
0.330201 37.180494
0.330880 37.155907
0.331558 37.131614
0.332237 37.107632
0.332915 37.083980
0.333593 37.060675
0.334272 37.037736
0.334950 37.015182
0.335629 36.993031
0.336307 36.971304
0.336986 36.950021
0.337664 36.929203
0.338343 36.908870
0.339021 36.889043
0.339700 36.869744
0.340378 36.850995
0.341057 36.832819
0.341735 36.815237
0.342414 36.798272
0.343092 36.781947
0.343771 36.766286
0.344449 36.751311
0.345128 36.737046
0.345806 36.723513
0.346485 36.710738
0.347163 36.698742
0.347842 36.687549
0.348520 36.677182
0.349199 36.667664
0.349877 36.659017
0.350556 36.651263
0.351234 36.644424
0.351913 36.638521
0.352591 36.633575
0.353269 36.629605
0.353948 36.626631
0.354626 36.624671
0.355305 36.623742
0.355983 36.623861
0.356662 36.625043
0.357340 36.627303
0.358019 36.630654
0.358697 36.635108
0.359376 36.640674
0.360054 36.647363
0.360733 36.655183
0.361411 36.664139
0.362090 36.674237
0.362768 36.685479
0.363447 36.697869
0.364125 36.711406
0.364804 36.726088
0.365482 36.741914
0.366160 36.758879
0.366839 36.776977
0.367517 36.796202
0.368196 36.816543
0.368874 36.837987

0.368874 36.837987
0.370231 36.793778
0.371588 36.749131
0.372945 36.704026
0.374302 36.658441
0.375659 36.612356
0.377016 36.565747
0.378373 36.518593
0.379730 36.470871
0.381087 36.422555
0.382444 36.373622
0.383801 36.324048
0.385158 36.273806
0.386515 36.222870
0.387872 36.171215
0.389229 36.118814
0.390586 36.065639
0.391943 36.011662
0.393300 35.956855
0.394657 35.901190
0.396014 35.844637
0.397371 35.787168
0.398728 35.728752
0.400085 35.669360
0.401441 35.608962
0.402798 35.547527
0.404155 35.485025
0.405512 35.421425
0.406869 35.356696
0.408226 35.290808
0.409583 35.223729
0.410940 35.155428
0.412297 35.085875
0.413654 35.015039
0.415011 34.942890
0.416368 34.869396
0.417725 34.794527
0.419082 34.718255
0.420439 34.640548
0.421796 34.561377
0.423153 34.480715
0.424510 34.398532
0.425867 34.314799
0.427224 34.229491
0.428581 34.142579
0.429938 34.054038
0.431295 33.963841
0.432652 33.871964
0.434008 33.778382
0.435365 33.683071
0.436722 33.586008
0.438079 33.487172
0.439436 33.386541
0.440793 33.284093
0.442150 33.179811
0.443507 33.073673
0.444864 32.965663
0.446221 32.855763
0.447578 32.743957
0.448935 32.630229
0.450292 32.514564
0.451649 32.396950
0.453006 32.277372
0.454363 32.155820
0.455720 32.032282
0.457077 31.906747
0.458434 31.779206
0.459791 31.649652
0.461148 31.518075
0.462504 31.384470
0.463861 31.248830
0.465218 31.111151
0.466575 30.971426
0.467932 30.829654
0.469289 30.685831
0.470646 30.539954
0.472003 30.392023
0.473360 30.242036
0.474717 30.089994
0.476074 29.935897
0.477431 29.779746
0.478788 29.621543
0.480145 29.461291
0.481502 29.298993
0.482859 29.134652
0.484216 28.968273
0.485573 28.799860
0.486930 28.629418
0.488287 28.456954
0.489644 28.282473
0.491001 28.105983
0.492358 27.927491
0.493715 27.747003
0.495071 27.564529
0.496428 27.380076
0.497785 27.193654
0.499142 27.005272
0.500499 26.814939
0.501856 26.622666
0.503213 26.428463
0.504570 26.232340
0.505927 26.034309
0.507284 25.834380
0.508641 25.632566
0.509998 25.428879
0.511355 25.223330
0.512712 25.015932
0.514069 24.806699
0.515426 24.595642
0.516783 24.382776
0.518140 24.168114
0.519497 23.951669
0.520854 23.733456
0.522211 23.513490
0.523568 23.291783
0.524925 23.068353
0.526282 22.843212
0.527639 22.616376
0.528995 22.387861
0.530353 22.157683
0.531709 21.925856
0.533066 21.692397
0.534423 21.457323
0.535780 21.220648
0.537137 20.982390
0.538494 20.742566
0.539851 20.501192
0.541208 20.258285
0.542565 20.013862
0.543922 19.767941
0.545279 19.520540
0.546636 19.271675
0.547993 19.021364
0.549350 18.769626
0.550707 18.516479
0.552064 18.261941
0.553421 18.006030
0.554778 17.748764
0.556135 17.490163
0.557492 17.230245
0.558849 16.969029
0.560206 16.706534
0.561562 16.442779
0.562919 16.177784
0.564276 15.911568
0.565633 15.644151
0.566990 15.375552
0.568347 15.105791
0.569704 14.834888
0.571061 14.562862
0.572418 14.289735
0.573775 14.015526
0.575132 13.740256
0.576489 13.463945
0.577846 13.186613
0.579203 12.908282
0.580560 12.628972
0.581917 12.348704
0.583274 12.067499
0.584631 11.785377
0.585988 11.502361
0.587345 11.218471
0.588702 10.933728
0.590059 10.648154
0.591416 10.361771
0.592773 10.074600
0.594129 9.786662
0.595486 9.497980
0.596843 9.208575
0.598200 8.918468
0.599557 8.627683
0.600914 8.336240
0.602271 8.044162
0.603628 7.751471
0.604985 7.458190
0.606342 7.164340
0.607699 6.869943
0.609056 6.575023
0.610413 6.279601
0.611770 5.983700
0.613127 5.687343
0.614484 5.390551
0.615841 5.093348
0.617198 4.795756
0.618555 4.497798
0.619912 4.199497
0.621269 3.900875
0.622626 3.601955
0.623983 3.302760
0.625340 3.003312
0.626696 2.703636
0.628053 2.403752
0.629410 2.103685
0.630767 1.803457
0.632124 1.503092
0.633481 1.202611
0.634838 0.902039
0.636195 0.601397
0.637552 0.300709
0.638909 0.000000


0.000000 44.999769
0.001175 44.999823
0.002350 44.999987
0.003525 45.000259
0.004701 45.000639
0.005876 45.001127
0.007051 45.001721
0.008226 45.002422
0.009401 45.003228
0.010577 45.004138
0.011752 45.005150
0.012927 45.006263
0.014102 45.007476
0.015277 45.008786
0.016452 45.010192
0.017627 45.011691
0.018803 45.013281
0.019978 45.014959
0.021153 45.016724
0.022328 45.018573
0.023503 45.020501
0.024678 45.022507
0.025854 45.024587
0.027029 45.026738
0.028204 45.028957
0.029379 45.031239
0.030554 45.033581
0.031729 45.035980
0.032905 45.038430
0.034080 45.040928
0.035255 45.043469
0.036430 45.046049
0.037605 45.048664
0.038780 45.051308
0.039955 45.053977
0.041131 45.056666
0.042306 45.059369
0.043481 45.062081
0.044656 45.064798
0.045831 45.067512
0.047006 45.070219
0.048182 45.072913
0.049357 45.075588
0.050532 45.078238
0.051707 45.080857
0.052882 45.083439
0.054057 45.085977
0.055233 45.088464
0.056408 45.090895
0.057583 45.093262
0.058758 45.095559
0.059933 45.097779
0.061108 45.099915
0.062284 45.101959
0.063459 45.103905
0.064634 45.105746
0.065809 45.107473
0.066984 45.109080
0.068159 45.110558
0.069334 45.111901
0.070510 45.113101
0.071685 45.114149
0.072860 45.115039
0.074035 45.115761
0.075210 45.116308
0.076385 45.116672
0.077561 45.116844
0.078736 45.116817
0.079911 45.116582
0.081086 45.116130
0.082261 45.115454
0.083436 45.114545
0.084612 45.113394
0.085787 45.111992
0.086962 45.110331
0.088137 45.108403
0.089312 45.106198
0.090487 45.103708
0.091663 45.100923
0.092838 45.097836
0.094013 45.094436
0.095188 45.090716
0.096363 45.086665
0.097538 45.082276
0.098714 45.077538
0.099889 45.072444
0.101064 45.066983
0.102239 45.061147
0.103414 45.054926
0.104589 45.048311
0.105764 45.041294
0.106940 45.033864
0.108115 45.026013
0.109290 45.017731
0.110465 45.009009
0.111640 44.999838
0.112815 44.990209
0.113991 44.980112
0.115166 44.969538
0.116341 44.958478
0.117516 44.946923
0.118691 44.934862
0.119867 44.922288
0.121042 44.909191
0.122217 44.895561
0.123392 44.881389
0.124567 44.866667
0.125742 44.851384
0.126917 44.835532
0.128093 44.819102
0.129268 44.802085
0.130443 44.784470
0.131618 44.766251
0.132793 44.747416
0.133968 44.727957
0.135144 44.707866
0.136319 44.687133
0.137494 44.665750
0.138669 44.643707
0.139844 44.620996
0.141019 44.597607
0.142195 44.573533
0.143370 44.548764
0.144545 44.523291
0.145720 44.497107
0.146895 44.470202
0.148070 44.442568
0.149246 44.414196
0.150421 44.385078
0.151596 44.355206
0.152771 44.324571
0.153946 44.293165
0.155121 44.260980
0.156297 44.228008
0.157472 44.194240
0.158647 44.159668
0.159822 44.124285
0.160997 44.088083
0.162172 44.051053
0.163347 44.013189
0.164523 43.974482
0.165698 43.934925
0.166873 43.894509
0.168048 43.853229
0.169223 43.811076
0.170398 43.768043
0.171574 43.724123
0.172749 43.679309
0.173924 43.633593
0.175099 43.586969
0.176274 43.539430
0.177449 43.490969
0.178624 43.441580
0.179800 43.391255
0.180975 43.339988
0.182150 43.287773
0.183325 43.234604
0.184500 43.180474
0.185675 43.125378
0.186851 43.069310
0.188026 43.012263
0.189201 42.954232
0.190376 42.895212
0.191551 42.835197
0.192726 42.774183
0.193902 42.712163
0.195077 42.649134
0.196252 42.585090
0.197427 42.520028
0.198602 42.453943
0.199777 42.386831
0.200953 42.318689
0.202128 42.249514
0.203303 42.179302
0.204478 42.108052
0.205653 42.035761
0.206828 41.962429
0.208004 41.888055
0.209179 41.812640
0.210354 41.736185
0.211529 41.658693
0.212704 41.580169
0.213879 41.500621
0.215055 41.420057
0.216230 41.338492
0.217405 41.255943
0.218580 41.172438
0.219755 41.088009
0.220930 41.002707
0.222106 40.916600
0.223281 40.829787
0.224456 40.742416
0.225631 40.654712
0.226806 40.567038
0.227981 40.480006
0.229157 40.394719
0.230332 40.313313
0.231507 40.240238
0.232682 40.184883
0.233857 40.163049

0.233857 40.163049
0.234536 40.162776
0.235214 40.161956
0.235893 40.160591
0.236571 40.158685
0.237250 40.156241
0.237928 40.153264
0.238606 40.149762
0.239285 40.145740
0.239963 40.141206
0.240642 40.136171
0.241320 40.130643
0.241999 40.124632
0.242677 40.118150
0.243356 40.111207
0.244034 40.103816
0.244713 40.095989
0.245391 40.087738
0.246070 40.079076
0.246748 40.070015
0.247427 40.060568
0.248105 40.050748
0.248784 40.040567
0.249462 40.030038
0.250141 40.019174
0.250819 40.007985
0.251498 39.996486
0.252176 39.984686
0.252854 39.972599
0.253533 39.960233
0.254211 39.947602
0.254890 39.934715
0.255568 39.921582
0.256247 39.908214
0.256925 39.894619
0.257604 39.880808
0.258282 39.866788
0.258961 39.852570
0.259639 39.838160
0.260318 39.823567
0.260996 39.808798
0.261675 39.793861
0.262353 39.778764
0.263032 39.763511
0.263710 39.748111
0.264389 39.732570
0.265067 39.716893
0.265746 39.701086
0.266424 39.685154
0.267103 39.669103
0.267781 39.652939
0.268460 39.636665
0.269138 39.620286
0.269817 39.603807
0.270495 39.587232
0.271174 39.570566
0.271852 39.553811
0.272530 39.536972
0.273209 39.520052
0.273887 39.503055
0.274566 39.485984
0.275244 39.468842
0.275923 39.451632
0.276601 39.434358
0.277280 39.417021
0.277958 39.399624
0.278637 39.382171
0.279315 39.364662
0.279994 39.347102
0.280672 39.329492
0.281351 39.311833
0.282029 39.294129
0.282708 39.276381
0.283386 39.258590
0.284065 39.240760
0.284743 39.222891
0.285421 39.204985
0.286100 39.187044
0.286778 39.169069
0.287457 39.151061
0.288135 39.133023
0.288814 39.114955
0.289492 39.096859
0.290171 39.078735
0.290849 39.060586
0.291528 39.042412
0.292206 39.024214
0.292885 39.005993
0.293563 38.987750
0.294242 38.969486
0.294920 38.951202
0.295599 38.932899
0.296277 38.914577
0.296956 38.896238
0.297634 38.877881
0.298313 38.859509
0.298991 38.841120
0.299670 38.822716
0.300348 38.804298
0.301026 38.785865
0.301705 38.767419
0.302384 38.748960
0.303062 38.730488
0.303741 38.712003
0.304419 38.693507
0.305097 38.674999
0.305776 38.656479
0.306454 38.637949
0.307133 38.619408
0.307811 38.600856
0.308490 38.582293
0.309168 38.563720
0.309847 38.545137
0.310525 38.526544
0.311204 38.507941
0.311882 38.489328
0.312561 38.470705
0.313239 38.452072
0.313918 38.433429
0.314596 38.414776
0.315275 38.396113
0.315953 38.377440
0.316632 38.358756
0.317310 38.340062
0.317989 38.321357
0.318667 38.302641
0.319346 38.283914
0.320024 38.265176
0.320702 38.246425
0.321381 38.227663
0.322059 38.208889
0.322738 38.190102
0.323416 38.171302
0.324095 38.152488
0.324773 38.133661
0.325452 38.114819
0.326130 38.095963
0.326809 38.077091
0.327487 38.058203
0.328166 38.039299
0.328844 38.020378
0.329523 38.001439
0.330201 37.982482
0.330880 37.963506
0.331558 37.944511
0.332237 37.925495
0.332915 37.906459
0.333593 37.887401
0.334272 37.868320
0.334950 37.849216
0.335629 37.830088
0.336307 37.810934
0.336986 37.791755
0.337664 37.772549
0.338343 37.753315
0.339021 37.734053
0.339700 37.714760
0.340378 37.695437
0.341057 37.676082
0.341735 37.656694
0.342414 37.637273
0.343092 37.617815
0.343771 37.598322
0.344449 37.578791
0.345128 37.559221
0.345806 37.539612
0.346485 37.519961
0.347163 37.500267
0.347842 37.480529
0.348520 37.460746
0.349199 37.440916
0.349877 37.421038
0.350556 37.401111
0.351234 37.381132
0.351913 37.361100
0.352591 37.341014
0.353269 37.320872
0.353948 37.300673
0.354626 37.280414
0.355305 37.260095
0.355983 37.239712
0.356662 37.219266
0.357340 37.198753
0.358019 37.178172
0.358697 37.157522
0.359376 37.136799
0.360054 37.116003
0.360733 37.095131
0.361411 37.074182
0.362090 37.053152
0.362768 37.032041
0.363447 37.010846
0.364125 36.989565
0.364804 36.968196
0.365482 36.946736
0.366160 36.925183
0.366839 36.903536
0.367517 36.881791
0.368196 36.859947
0.368874 36.838004

0.368874 36.838004
0.370231 36.884176
0.371588 36.934622
0.372945 36.989215
0.374302 37.047814
0.375659 37.110259
0.377016 37.176383
0.378373 37.246007
0.379730 37.318944
0.381087 37.395005
0.382444 37.473995
0.383801 37.555721
0.385158 37.639989
0.386515 37.726608
0.387872 37.815390
0.389229 37.906152
0.390586 37.998717
0.391943 38.092911
0.393300 38.188570
0.394657 38.285534
0.396014 38.383651
0.397371 38.482777
0.398728 38.582774
0.400085 38.683509
0.401441 38.784859
0.402798 38.886706
0.404155 38.988939
0.405512 39.091451
0.406869 39.194145
0.408226 39.296926
0.409583 39.399706
0.410940 39.502401
0.412297 39.604934
0.413654 39.707231
0.415011 39.809223
0.416368 39.910844
0.417725 40.012034
0.419082 40.112734
0.420439 40.212892
0.421796 40.312455
0.423153 40.411378
0.424510 40.509614
0.425867 40.607122
0.427224 40.703863
0.428581 40.799801
0.429938 40.894900
0.431295 40.989128
0.432652 41.082455
0.434008 41.174854
0.435365 41.266297
0.436722 41.356760
0.438079 41.446221
0.439436 41.534658
0.440793 41.622051
0.442150 41.708382
0.443507 41.793634
0.444864 41.877792
0.446221 41.960841
0.447578 42.042768
0.448935 42.123561
0.450292 42.203209
0.451649 42.281702
0.453006 42.359031
0.454363 42.435189
0.455720 42.510167
0.457077 42.583961
0.458434 42.656564
0.459791 42.727972
0.461148 42.798181
0.462504 42.867189
0.463861 42.934993
0.465218 43.001591
0.466575 43.066983
0.467932 43.131168
0.469289 43.194147
0.470646 43.255920
0.472003 43.316489
0.473360 43.375857
0.474717 43.434026
0.476074 43.490998
0.477431 43.546779
0.478788 43.601372
0.480145 43.654781
0.481502 43.707012
0.482859 43.758071
0.484216 43.807963
0.485573 43.856696
0.486930 43.904275
0.488287 43.950709
0.489644 43.996005
0.491001 44.040170
0.492358 44.083215
0.493715 44.125146
0.495071 44.165975
0.496428 44.205709
0.497785 44.244359
0.499142 44.281935
0.500499 44.318447
0.501856 44.353907
0.503213 44.388325
0.504570 44.421713
0.505927 44.454082
0.507284 44.485444
0.508641 44.515811
0.509998 44.545196
0.511355 44.573611
0.512712 44.601069
0.514069 44.627583
0.515426 44.653167
0.516783 44.677834
0.518140 44.701598
0.519497 44.724472
0.520854 44.746471
0.522211 44.767609
0.523568 44.787900
0.524925 44.807359
0.526282 44.826000
0.527639 44.843839
0.528995 44.860890
0.530353 44.877169
0.531709 44.892691
0.533066 44.907471
0.534423 44.921525
0.535780 44.934868
0.537137 44.947516
0.538494 44.959484
0.539851 44.970788
0.541208 44.981445
0.542565 44.991470
0.543922 45.000879
0.545279 45.009688
0.546636 45.017914
0.547993 45.025571
0.549350 45.032676
0.550707 45.039246
0.552064 45.045296
0.553421 45.050843
0.554778 45.055901
0.556135 45.060489
0.557492 45.064620
0.558849 45.068312
0.560206 45.071580
0.561562 45.074440
0.562919 45.076908
0.564276 45.078999
0.565633 45.080729
0.566990 45.082113
0.568347 45.083168
0.569704 45.083907
0.571061 45.084347
0.572418 45.084502
0.573775 45.084387
0.575132 45.084017
0.576489 45.083407
0.577846 45.082571
0.579203 45.081522
0.580560 45.080277
0.581917 45.078847
0.583274 45.077247
0.584631 45.075491
0.585988 45.073592
0.587345 45.071562
0.588702 45.069415
0.590059 45.067164
0.591416 45.064820
0.592773 45.062397
0.594129 45.059905
0.595486 45.057356
0.596843 45.054763
0.598200 45.052136
0.599557 45.049485
0.600914 45.046822
0.602271 45.044156
0.603628 45.041498
0.604985 45.038857
0.606342 45.036243
0.607699 45.033664
0.609056 45.031130
0.610413 45.028648
0.611770 45.026226
0.613127 45.023874
0.614484 45.021596
0.615841 45.019402
0.617198 45.017297
0.618555 45.015287
0.619912 45.013379
0.621269 45.011578
0.622626 45.009890
0.623983 45.008319
0.625340 45.006869
0.626696 45.005545
0.628053 45.004351
0.629410 45.003289
0.630767 45.002363
0.632124 45.001574
0.633481 45.000927
0.634838 45.000421
0.636195 45.000059
0.637552 44.999841
0.638909 44.999769


0.000000 44.999769
0.001175 44.999603
0.002350 44.999107
0.003525 44.998280
0.004701 44.997123
0.005876 44.995635
0.007051 44.993817
0.008226 44.991669
0.009401 44.989191
0.010577 44.986383
0.011752 44.983246
0.012927 44.979780
0.014102 44.975986
0.015277 44.971864
0.016452 44.967414
0.017627 44.962637
0.018803 44.957534
0.019978 44.952105
0.021153 44.946351
0.022328 44.940272
0.023503 44.933869
0.024678 44.927143
0.025854 44.920095
0.027029 44.912726
0.028204 44.905036
0.029379 44.897026
0.030554 44.888698
0.031729 44.880052
0.032905 44.871089
0.034080 44.861811
0.035255 44.852218
0.036430 44.842312
0.037605 44.832094
0.038780 44.821566
0.039955 44.810727
0.041131 44.799581
0.042306 44.788128
0.043481 44.776370
0.044656 44.764308
0.045831 44.751944
0.047006 44.739279
0.048182 44.726315
0.049357 44.713053
0.050532 44.699496
0.051707 44.685645
0.052882 44.671502
0.054057 44.657069
0.055233 44.642347
0.056408 44.627339
0.057583 44.612047
0.058758 44.596472
0.059933 44.580617
0.061108 44.564485
0.062284 44.548076
0.063459 44.531394
0.064634 44.514441
0.065809 44.497219
0.066984 44.479731
0.068159 44.461979
0.069334 44.443966
0.070510 44.425694
0.071685 44.407166
0.072860 44.388385
0.074035 44.369354
0.075210 44.350074
0.076385 44.330551
0.077561 44.310785
0.078736 44.290781
0.079911 44.270541
0.081086 44.250069
0.082261 44.229367
0.083436 44.208440
0.084612 44.187290
0.085787 44.165921
0.086962 44.144336
0.088137 44.122539
0.089312 44.100534
0.090487 44.078323
0.091663 44.055912
0.092838 44.033304
0.094013 44.010502
0.095188 43.987511
0.096363 43.964335
0.097538 43.940977
0.098714 43.917443
0.099889 43.893736
0.101064 43.869861
0.102239 43.845821
0.103414 43.821623
0.104589 43.797269
0.105764 43.772765
0.106940 43.748116
0.108115 43.723326
0.109290 43.698401
0.110465 43.673345
0.111640 43.648163
0.112815 43.622860
0.113991 43.597442
0.115166 43.571914
0.116341 43.546281
0.117516 43.520550
0.118691 43.494724
0.119867 43.468811
0.121042 43.442815
0.122217 43.416742
0.123392 43.390599
0.124567 43.364392
0.125742 43.338126
0.126917 43.311807
0.128093 43.285442
0.129268 43.259037
0.130443 43.232599
0.131618 43.206133
0.132793 43.179648
0.133968 43.153148
0.135144 43.126641
0.136319 43.100134
0.137494 43.073633
0.138669 43.047146
0.139844 43.020679
0.141019 42.994241
0.142195 42.967837
0.143370 42.941475
0.144545 42.915163
0.145720 42.888908
0.146895 42.862718
0.148070 42.836599
0.149246 42.810561
0.150421 42.784610
0.151596 42.758754
0.152771 42.733001
0.153946 42.707360
0.155121 42.681837
0.156297 42.656442
0.157472 42.631181
0.158647 42.606064
0.159822 42.581098
0.160997 42.556292
0.162172 42.531654
0.163347 42.507192
0.164523 42.482915
0.165698 42.458831
0.166873 42.434949
0.168048 42.411276
0.169223 42.387821
0.170398 42.364594
0.171574 42.341601
0.172749 42.318852
0.173924 42.296356
0.175099 42.274120
0.176274 42.252154
0.177449 42.230465
0.178624 42.209062
0.179800 42.187954
0.180975 42.167149
0.182150 42.146655
0.183325 42.126481
0.184500 42.106635
0.185675 42.087124
0.186851 42.067958
0.188026 42.049144
0.189201 42.030691
0.190376 42.012605
0.191551 41.994896
0.192726 41.977570
0.193902 41.960636
0.195077 41.944101
0.196252 41.927972
0.197427 41.912257
0.198602 41.896962
0.199777 41.882095
0.200953 41.867663
0.202128 41.853672
0.203303 41.840129
0.204478 41.827040
0.205653 41.814412
0.206828 41.802250
0.208004 41.790561
0.209179 41.779350
0.210354 41.768622
0.211529 41.758383
0.212704 41.748637
0.213879 41.739390
0.215055 41.730647
0.216230 41.722410
0.217405 41.714686
0.218580 41.707477
0.219755 41.700787
0.220930 41.694620
0.222106 41.688978
0.223281 41.683865
0.224456 41.679283
0.225631 41.675234
0.226806 41.671721
0.227981 41.668746
0.229157 41.666309
0.230332 41.664413
0.231507 41.663057
0.232682 41.662244
0.233857 41.661973

0.233857 41.661973
0.234536 41.662228
0.235214 41.662994
0.235893 41.664268
0.236571 41.666048
0.237250 41.668329
0.237928 41.671107
0.238606 41.674374
0.239285 41.678125
0.239963 41.682350
0.240642 41.687040
0.241320 41.692187
0.241999 41.697779
0.242677 41.703805
0.243356 41.710254
0.244034 41.717115
0.244713 41.724374
0.245391 41.732018
0.246070 41.740036
0.246748 41.748415
0.247427 41.757140
0.248105 41.766200
0.248784 41.775582
0.249462 41.785271
0.250141 41.795257
0.250819 41.805526
0.251498 41.816066
0.252176 41.826866
0.252854 41.837912
0.253533 41.849194
0.254211 41.860700
0.254890 41.872419
0.255568 41.884342
0.256247 41.896456
0.256925 41.908753
0.257604 41.921223
0.258282 41.933856
0.258961 41.946643
0.259639 41.959576
0.260318 41.972645
0.260996 41.985844
0.261675 41.999163
0.262353 42.012595
0.263032 42.026134
0.263710 42.039771
0.264389 42.053501
0.265067 42.067315
0.265746 42.081209
0.266424 42.095176
0.267103 42.109210
0.267781 42.123306
0.268460 42.137457
0.269138 42.151659
0.269817 42.165906
0.270495 42.180194
0.271174 42.194518
0.271852 42.208873
0.272530 42.223254
0.273209 42.237658
0.273887 42.252080
0.274566 42.266516
0.275244 42.280963
0.275923 42.295415
0.276601 42.309871
0.277280 42.324325
0.277958 42.338776
0.278637 42.353218
0.279315 42.367650
0.279994 42.382067
0.280672 42.396467
0.281351 42.410847
0.282029 42.425204
0.282708 42.439534
0.283386 42.453836
0.284065 42.468106
0.284743 42.482342
0.285421 42.496542
0.286100 42.510701
0.286778 42.524820
0.287457 42.538894
0.288135 42.552921
0.288814 42.566900
0.289492 42.580827
0.290171 42.594701
0.290849 42.608520
0.291528 42.622281
0.292206 42.635982
0.292885 42.649622
0.293563 42.663198
0.294242 42.676708
0.294920 42.690151
0.295599 42.703524
0.296277 42.716825
0.296956 42.730054
0.297634 42.743208
0.298313 42.756284
0.298991 42.769283
0.299670 42.782201
0.300348 42.795037
0.301026 42.807790
0.301705 42.820458
0.302384 42.833039
0.303062 42.845532
0.303741 42.857935
0.304419 42.870247
0.305097 42.882465
0.305776 42.894590
0.306454 42.906619
0.307133 42.918550
0.307811 42.930383
0.308490 42.942117
0.309168 42.953748
0.309847 42.965278
0.310525 42.976703
0.311204 42.988023
0.311882 42.999236
0.312561 43.010342
0.313239 43.021338
0.313918 43.032225
0.314596 43.043000
0.315275 43.053662
0.315953 43.064211
0.316632 43.074645
0.317310 43.084963
0.317989 43.095164
0.318667 43.105247
0.319346 43.115211
0.320024 43.125054
0.320702 43.134777
0.321381 43.144377
0.322059 43.153854
0.322738 43.163207
0.323416 43.172436
0.324095 43.181538
0.324773 43.190513
0.325452 43.199361
0.326130 43.208081
0.326809 43.216671
0.327487 43.225131
0.328166 43.233461
0.328844 43.241659
0.329523 43.249724
0.330201 43.257657
0.330880 43.265456
0.331558 43.273120
0.332237 43.280650
0.332915 43.288044
0.333593 43.295302
0.334272 43.302423
0.334950 43.309408
0.335629 43.316254
0.336307 43.322962
0.336986 43.329532
0.337664 43.335962
0.338343 43.342253
0.339021 43.348404
0.339700 43.354414
0.340378 43.360284
0.341057 43.366014
0.341735 43.371602
0.342414 43.377048
0.343092 43.382353
0.343771 43.387516
0.344449 43.392537
0.345128 43.397416
0.345806 43.402153
0.346485 43.406747
0.347163 43.411199
0.347842 43.415509
0.348520 43.419676
0.349199 43.423701
0.349877 43.427584
0.350556 43.431324
0.351234 43.434923
0.351913 43.438379
0.352591 43.441694
0.353269 43.444868
0.353948 43.447900
0.354626 43.450792
0.355305 43.453543
0.355983 43.456154
0.356662 43.458625
0.357340 43.460956
0.358019 43.463149
0.358697 43.465204
0.359376 43.467120
0.360054 43.468900
0.360733 43.470543
0.361411 43.472049
0.362090 43.473421
0.362768 43.474657
0.363447 43.475760
0.364125 43.476730
0.364804 43.477567
0.365482 43.478273
0.366160 43.478849
0.366839 43.479295
0.367517 43.479612
0.368196 43.479801
0.368874 43.479864

0.368874 43.479864
0.370231 43.479615
0.371588 43.478872
0.372945 43.477646
0.374302 43.475947
0.375659 43.473786
0.377016 43.471174
0.378373 43.468124
0.379730 43.464647
0.381087 43.460758
0.382444 43.456469
0.383801 43.451796
0.385158 43.446754
0.386515 43.441357
0.387872 43.435622
0.389229 43.429565
0.390586 43.423204
0.391943 43.416555
0.393300 43.409638
0.394657 43.402470
0.396014 43.395070
0.397371 43.387457
0.398728 43.379651
0.400085 43.371672
0.401441 43.363541
0.402798 43.355277
0.404155 43.346902
0.405512 43.338436
0.406869 43.329901
0.408226 43.321317
0.409583 43.312707
0.410940 43.304092
0.412297 43.295492
0.413654 43.286931
0.415011 43.278428
0.416368 43.270005
0.417725 43.261684
0.419082 43.253485
0.420439 43.245429
0.421796 43.237536
0.423153 43.229826
0.424510 43.222320
0.425867 43.215037
0.427224 43.207995
0.428581 43.201212
0.429938 43.194708
0.431295 43.188499
0.432652 43.182603
0.434008 43.177035
0.435365 43.171811
0.436722 43.166947
0.438079 43.162456
0.439436 43.158353
0.440793 43.154651
0.442150 43.151360
0.443507 43.148495
0.444864 43.146064
0.446221 43.144078
0.447578 43.142547
0.448935 43.141479
0.450292 43.140881
0.451649 43.140761
0.453006 43.141126
0.454363 43.141980
0.455720 43.143328
0.457077 43.145174
0.458434 43.147523
0.459791 43.150375
0.461148 43.153734
0.462504 43.157600
0.463861 43.161974
0.465218 43.166855
0.466575 43.172244
0.467932 43.178138
0.469289 43.184536
0.470646 43.191435
0.472003 43.198831
0.473360 43.206722
0.474717 43.215102
0.476074 43.223968
0.477431 43.233313
0.478788 43.243133
0.480145 43.253421
0.481502 43.264171
0.482859 43.275375
0.484216 43.287027
0.485573 43.299118
0.486930 43.311642
0.488287 43.324588
0.489644 43.337949
0.491001 43.351716
0.492358 43.365880
0.493715 43.380430
0.495071 43.395359
0.496428 43.410654
0.497785 43.426307
0.499142 43.442307
0.500499 43.458644
0.501856 43.475307
0.503213 43.492285
0.504570 43.509568
0.505927 43.527144
0.507284 43.545002
0.508641 43.563131
0.509998 43.581520
0.511355 43.600158
0.512712 43.619032
0.514069 43.638131
0.515426 43.657445
0.516783 43.676961
0.518140 43.696667
0.519497 43.716553
0.520854 43.736607
0.522211 43.756816
0.523568 43.777169
0.524925 43.797656
0.526282 43.818263
0.527639 43.838980
0.528995 43.859796
0.530353 43.880697
0.531709 43.901675
0.533066 43.922715
0.534423 43.943809
0.535780 43.964944
0.537137 43.986108
0.538494 44.007292
0.539851 44.028484
0.541208 44.049672
0.542565 44.070846
0.543922 44.091996
0.545279 44.113110
0.546636 44.134178
0.547993 44.155189
0.549350 44.176133
0.550707 44.197000
0.552064 44.217779
0.553421 44.238460
0.554778 44.259034
0.556135 44.279489
0.557492 44.299818
0.558849 44.320009
0.560206 44.340053
0.561562 44.359942
0.562919 44.379665
0.564276 44.399213
0.565633 44.418578
0.566990 44.437751
0.568347 44.456722
0.569704 44.475484
0.571061 44.494027
0.572418 44.512344
0.573775 44.530425
0.575132 44.548264
0.576489 44.565852
0.577846 44.583181
0.579203 44.600244
0.580560 44.617033
0.581917 44.633542
0.583274 44.649762
0.584631 44.665686
0.585988 44.681308
0.587345 44.696622
0.588702 44.711620
0.590059 44.726296
0.591416 44.740644
0.592773 44.754658
0.594129 44.768332
0.595486 44.781660
0.596843 44.794636
0.598200 44.807256
0.599557 44.819513
0.600914 44.831403
0.602271 44.842921
0.603628 44.854061
0.604985 44.864820
0.606342 44.875193
0.607699 44.885176
0.609056 44.894764
0.610413 44.903954
0.611770 44.912741
0.613127 44.921123
0.614484 44.929095
0.615841 44.936655
0.617198 44.943800
0.618555 44.950526
0.619912 44.956831
0.621269 44.962712
0.622626 44.968167
0.623983 44.973194
0.625340 44.977791
0.626696 44.981955
0.628053 44.985686
0.629410 44.988981
0.630767 44.991840
0.632124 44.994261
0.633481 44.996242
0.634838 44.997785
0.636195 44.998887
0.637552 44.999548
0.638909 44.999769



